./GA Data/DataFiles/p01 2137449171 0.6 0.2 0.25 10 2.0 100 0.001 0.8 0.33 0.33 0.1 3000 400
./GA Data/DataFiles/p02 2137449171 0.6 0.2 0.25 10 2.0 100 0.001 0.8 0.33 0.33 0.1 3000 400
./GA Data/DataFiles/p03 2137449171 0.6 0.2 0.25 10 2.0 100 0.001 0.8 0.33 0.33 0.1 3000 400
./GA Data/DataFiles/p04 2137449171 0.6 0.2 0.25 10 2.0 100 0.001 0.8 0.33 0.33 0.1 3000 400
./GA Data/DataFiles/p05 2137449171 0.6 0.2 0.25 10 2.0 100 0.001 0.8 0.33 0.33 0.1 3000 400
./GA Data/DataFiles/p06 2137449171 0.6 0.2 0.25 10 2.0 100 0.001 0.8 0.33 0.33 0.1 3000 400
./GA Data/DataFiles/p07 2137449171 0.6 0.2 0.25 10 2.0 100 0.001 0.8 0.33 0.33 0.1 3000 400
./GA Data/DataFiles/p08 2137449171 0.6 0.2 0.25 10 2.0 100 0.001 0.8 0.33 0.33 0.1 3000 400
./GA Data/DataFiles/p09 2137449171 0.6 0.2 0.25 10 2.0 100 0.001 0.8 0.33 0.33 0.1 3000 400
./GA Data/DataFiles/p10 2137449171 0.6 0.2 0.25 10 2.0 100 0.001 0.8 0.33 0.33 0.1 3000 400
./GA Data/DataFiles/p11 2137449171 0.6 0.2 0.25 10 2.0 100 0.001 0.8 0.33 0.33 0.1 3000 400
./GA Data/DataFiles/p12 2137449171 0.6 0.2 0.25 10 2.0 100 0.001 0.8 0.33 0.33 0.1 3000 400
./GA Data/DataFiles/p13 2137449171 0.6 0.2 0.25 10 2.0 100 0.001 0.8 0.33 0.33 0.1 3000 400
./GA Data/DataFiles/p14 2137449171 0.6 0.2 0.25 10 2.0 100 0.001 0.8 0.33 0.33 0.1 3000 400
