5 31 1
0 100
1 96 44 0 19 0 0 0 0
2 50 5 0 21 0 0 0 0
3 49 8 0 6 0 0 0 0
4 13 7 0 19 0 0 0 0
5 29 89 0 7 0 0 0 0
6 58 30 0 12 0 0 0 0
7 84 39 0 16 0 0 0 0
8 14 24 0 6 0 0 0 0
9 2 39 0 16 0 0 0 0
10 3 82 0 8 0 0 0 0
11 5 10 0 14 0 0 0 0
12 98 52 0 21 0 0 0 0
13 84 25 0 16 0 0 0 0
14 61 59 0 3 0 0 0 0
15 1 65 0 22 0 0 0 0
16 88 51 0 18 0 0 0 0
17 91 2 0 19 0 0 0 0
18 19 32 0 1 0 0 0 0
19 93 3 0 24 0 0 0 0
20 50 93 0 8 0 0 0 0
21 98 14 0 12 0 0 0 0
22 5 42 0 4 0 0 0 0
23 42 9 0 8 0 0 0 0
24 61 62 0 24 0 0 0 0
25 9 97 0 24 0 0 0 0
26 80 55 0 2 0 0 0 0
27 57 69 0 20 0 0 0 0
28 23 15 0 15 0 0 0 0
29 20 70 0 2 0 0 0 0
30 85 60 0 14 0 0 0 0
31 98 5 0 9 0 0 0 0
32 82 76 0 0 0 0
