4 44 1
0 2010
1 3.0 5.0 0 33 0 0 0 0
2 2.5 9.0 0 15 0 0 0 0
3 48.0 16.0 0 10 0 0 0 0
4 48.0 17.0 0 40 0 0 0 0
5 69.0 16.0 0 15 0 0 0 0
6 70.0 16.0 0 5 0 0 0 0
7 64.0 13.0 0 77 0 0 0 0
8 3.0 -22.0 0 435 0 0 0 0
9 2.5 1.0 0 165 0 0 0 0
10 -13.0 11.5 0 120 0 0 0 0
11 -20.0 45.0 0 65 0 0 0 0
12 -9.0 52.0 0 23 0 0 0 0
13 -8.5 53.0 0 18 0 0 0 0
14 -8.0 52.0 0 550 0 0 0 0
15 2.0 2.0 0 78 0 0 0 0
16 -2.0 9.0 0 627 0 0 0 0
17 -10.0 20.0 0 9 0 0 0 0
18 -20.0 19.0 0 96 0 0 0 0
19 -15.0 -21.0 0 116 0 0 0 0
20 -5.0 -9.0 0 116 0 0 0 0
21 -4.5 -9.0 0 83 0 0 0 0
22 -52.0 -36.0 0 41 0 0 0 0
23 -53.0 -36.0 0 645 0 0 0 0
24 0.0 0.01 0 694 0 0 0 0
25 -30.0 -18.0 0 573 0 0 0 0
26 -51.0 -35.0 0 1 0 0 0 0
27 81.0 9.0 0 181 0 0 0 0
28 84.0 -99.0 0 106 0 0 0 0
29 82.0 -6.0 0 52 0 0 0 0
30 40.0 -12.0 0 117 0 0 0 0
31 50.0 -7.0 0 52 0 0 0 0
32 51.0 -8.0 0 1300 0 0 0 0
33 63.0 -17.0 0 57 0 0 0 0
34 45.0 -1.0 0 28 0 0 0 0
35 54.0 8.5 0 84 0 0 0 0
36 29.0 4.0 0 1 0 0 0 0
37 21.0 3.0 0 54 0 0 0 0
38 22.0 2.0 0 19 0 0 0 0
39 39.0 -3.0 0 88 0 0 0 0
40 39.5 -3.0 0 41 0 0 0 0
41 40.0 -11.0 0 238 0 0 0 0
42 28.0 -2.0 0 66 0 0 0 0
43 24.0 -18.0 0 44 0 0 0 0
44 24.0 -19.0 0 42 0 0 0 0
45 0 0 0 0 0 0
