10 100 1
0 200
1 45 68 0 10 0 0 0 0
2 45 70 0 30 0 0 0 0
3 42 66 0 10 0 0 0 0
4 42 68 0 10 0 0 0 0
5 42 65 0 10 0 0 0 0
6 40 69 0 20 0 0 0 0
7 40 66 0 20 0 0 0 0
8 38 68 0 20 0 0 0 0
9 38 70 0 10 0 0 0 0
10 35 66 0 10 0 0 0 0
11 35 69 0 10 0 0 0 0
12 25 85 0 20 0 0 0 0
13 22 75 0 30 0 0 0 0
14 22 85 0 10 0 0 0 0
15 20 80 0 40 0 0 0 0
16 20 85 0 40 0 0 0 0
17 18 75 0 20 0 0 0 0
18 15 75 0 20 0 0 0 0
19 15 80 0 10 0 0 0 0
20 30 50 0 10 0 0 0 0
21 30 52 0 20 0 0 0 0
22 28 52 0 20 0 0 0 0
23 28 55 0 10 0 0 0 0
24 25 50 0 10 0 0 0 0
25 25 52 0 40 0 0 0 0
26 25 55 0 10 0 0 0 0
27 23 52 0 10 0 0 0 0
28 23 55 0 20 0 0 0 0
29 20 50 0 10 0 0 0 0
30 20 55 0 10 0 0 0 0
31 10 35 0 20 0 0 0 0
32 10 40 0 30 0 0 0 0
33 8 40 0 40 0 0 0 0
34 8 45 0 20 0 0 0 0
35 5 35 0 10 0 0 0 0
36 5 45 0 10 0 0 0 0
37 2 40 0 20 0 0 0 0
38 0 40 0 30 0 0 0 0
39 0 45 0 20 0 0 0 0
40 35 30 0 10 0 0 0 0
41 35 32 0 10 0 0 0 0
42 33 32 0 20 0 0 0 0
43 33 35 0 10 0 0 0 0
44 32 30 0 10 0 0 0 0
45 30 30 0 10 0 0 0 0
46 30 32 0 30 0 0 0 0
47 30 35 0 10 0 0 0 0
48 28 30 0 10 0 0 0 0
49 28 35 0 10 0 0 0 0
50 26 32 0 10 0 0 0 0
51 25 30 0 10 0 0 0 0
52 25 35 0 10 0 0 0 0
53 44 5 0 20 0 0 0 0
54 42 10 0 40 0 0 0 0
55 42 15 0 10 0 0 0 0
56 40 5 0 30 0 0 0 0
57 40 15 0 40 0 0 0 0
58 38 5 0 30 0 0 0 0
59 38 15 0 10 0 0 0 0
60 35 5 0 20 0 0 0 0
61 50 30 0 10 0 0 0 0
62 50 35 0 20 0 0 0 0
63 50 40 0 50 0 0 0 0
64 48 30 0 10 0 0 0 0
65 48 40 0 10 0 0 0 0
66 47 35 0 10 0 0 0 0
67 47 40 0 10 0 0 0 0
68 45 30 0 10 0 0 0 0
69 45 35 0 10 0 0 0 0
70 95 30 0 30 0 0 0 0
71 95 35 0 20 0 0 0 0
72 53 30 0 10 0 0 0 0
73 92 30 0 10 0 0 0 0
74 53 35 0 50 0 0 0 0
75 45 65 0 20 0 0 0 0
76 90 35 0 10 0 0 0 0
77 88 30 0 10 0 0 0 0
78 88 35 0 20 0 0 0 0
79 87 30 0 10 0 0 0 0
80 85 25 0 10 0 0 0 0
81 85 35 0 30 0 0 0 0
82 75 55 0 20 0 0 0 0
83 72 55 0 10 0 0 0 0
84 70 58 0 20 0 0 0 0
85 68 60 0 30 0 0 0 0
86 66 55 0 10 0 0 0 0
87 65 55 0 20 0 0 0 0
88 65 60 0 30 0 0 0 0
89 63 58 0 10 0 0 0 0
90 60 55 0 10 0 0 0 0
91 60 60 0 10 0 0 0 0
92 67 85 0 20 0 0 0 0
93 65 85 0 40 0 0 0 0
94 65 82 0 10 0 0 0 0
95 62 80 0 30 0 0 0 0
96 60 80 0 10 0 0 0 0
97 60 85 0 30 0 0 0 0
98 58 75 0 20 0 0 0 0
99 55 80 0 10 0 0 0 0
100 55 85 0 20 0 0 0 0
101 40 50 0 0 0 0
