17 199 1
0 200
1 41 49 0 10 0 0 0 0
2 35 17 0 7 0 0 0 0
3 55 45 0 13 0 0 0 0
4 55 20 0 19 0 0 0 0
5 15 30 0 26 0 0 0 0
6 25 30 0 3 0 0 0 0
7 20 50 0 5 0 0 0 0
8 10 43 0 9 0 0 0 0
9 55 60 0 16 0 0 0 0
10 30 60 0 16 0 0 0 0
11 20 65 0 12 0 0 0 0
12 50 35 0 19 0 0 0 0
13 30 25 0 23 0 0 0 0
14 15 10 0 20 0 0 0 0
15 30 5 0 8 0 0 0 0
16 10 20 0 19 0 0 0 0
17 5 30 0 2 0 0 0 0
18 20 40 0 12 0 0 0 0
19 15 60 0 17 0 0 0 0
20 45 65 0 9 0 0 0 0
21 45 20 0 11 0 0 0 0
22 45 10 0 18 0 0 0 0
23 55 5 0 29 0 0 0 0
24 65 35 0 3 0 0 0 0
25 65 20 0 6 0 0 0 0
26 45 30 0 17 0 0 0 0
27 35 40 0 16 0 0 0 0
28 41 37 0 16 0 0 0 0
29 64 42 0 9 0 0 0 0
30 40 60 0 21 0 0 0 0
31 31 52 0 27 0 0 0 0
32 35 69 0 23 0 0 0 0
33 53 52 0 11 0 0 0 0
34 65 55 0 14 0 0 0 0
35 63 65 0 8 0 0 0 0
36 2 60 0 5 0 0 0 0
37 20 20 0 8 0 0 0 0
38 5 5 0 16 0 0 0 0
39 60 12 0 31 0 0 0 0
40 40 25 0 9 0 0 0 0
41 42 7 0 5 0 0 0 0
42 24 12 0 5 0 0 0 0
43 23 3 0 7 0 0 0 0
44 11 14 0 18 0 0 0 0
45 6 38 0 16 0 0 0 0
46 2 48 0 1 0 0 0 0
47 8 56 0 27 0 0 0 0
48 13 52 0 36 0 0 0 0
49 6 68 0 30 0 0 0 0
50 47 47 0 13 0 0 0 0
51 49 58 0 10 0 0 0 0
52 27 43 0 9 0 0 0 0
53 37 31 0 14 0 0 0 0
54 57 29 0 18 0 0 0 0
55 63 23 0 2 0 0 0 0
56 53 12 0 6 0 0 0 0
57 32 12 0 7 0 0 0 0
58 36 26 0 18 0 0 0 0
59 21 24 0 28 0 0 0 0
60 17 34 0 3 0 0 0 0
61 12 24 0 13 0 0 0 0
62 24 58 0 19 0 0 0 0
63 27 69 0 10 0 0 0 0
64 15 77 0 9 0 0 0 0
65 62 77 0 20 0 0 0 0
66 49 73 0 25 0 0 0 0
67 67 5 0 25 0 0 0 0
68 56 39 0 36 0 0 0 0
69 37 47 0 6 0 0 0 0
70 37 56 0 5 0 0 0 0
71 57 68 0 15 0 0 0 0
72 47 16 0 25 0 0 0 0
73 44 17 0 9 0 0 0 0
74 46 13 0 8 0 0 0 0
75 49 11 0 18 0 0 0 0
76 49 42 0 13 0 0 0 0
77 53 43 0 14 0 0 0 0
78 61 52 0 3 0 0 0 0
79 57 48 0 23 0 0 0 0
80 56 37 0 6 0 0 0 0
81 55 54 0 26 0 0 0 0
82 15 47 0 16 0 0 0 0
83 14 37 0 11 0 0 0 0
84 11 31 0 7 0 0 0 0
85 16 22 0 41 0 0 0 0
86 4 18 0 35 0 0 0 0
87 28 18 0 26 0 0 0 0
88 26 52 0 9 0 0 0 0
89 26 35 0 15 0 0 0 0
90 31 67 0 3 0 0 0 0
91 15 19 0 1 0 0 0 0
92 22 22 0 2 0 0 0 0
93 18 24 0 22 0 0 0 0
94 26 27 0 27 0 0 0 0
95 25 24 0 20 0 0 0 0
96 22 27 0 11 0 0 0 0
97 25 21 0 12 0 0 0 0
98 19 21 0 10 0 0 0 0
99 20 26 0 9 0 0 0 0
100 18 18 0 17 0 0 0 0
101 37 52 0 7 0 0 0 0
102 49 49 0 30 0 0 0 0
103 52 64 0 16 0 0 0 0
104 20 26 0 9 0 0 0 0
105 40 30 0 21 0 0 0 0
106 21 47 0 15 0 0 0 0
107 17 63 0 19 0 0 0 0
108 31 62 0 23 0 0 0 0
109 52 33 0 11 0 0 0 0
110 51 21 0 5 0 0 0 0
111 42 41 0 19 0 0 0 0
112 31 32 0 29 0 0 0 0
113 5 25 0 23 0 0 0 0
114 12 42 0 21 0 0 0 0
115 36 16 0 10 0 0 0 0
116 52 41 0 15 0 0 0 0
117 27 23 0 3 0 0 0 0
118 17 33 0 41 0 0 0 0
119 13 13 0 9 0 0 0 0
120 57 58 0 28 0 0 0 0
121 62 42 0 8 0 0 0 0
122 42 57 0 8 0 0 0 0
123 16 57 0 16 0 0 0 0
124 8 52 0 10 0 0 0 0
125 7 38 0 28 0 0 0 0
126 27 68 0 7 0 0 0 0
127 30 48 0 15 0 0 0 0
128 43 67 0 14 0 0 0 0
129 58 48 0 6 0 0 0 0
130 58 27 0 19 0 0 0 0
131 37 69 0 11 0 0 0 0
132 38 46 0 12 0 0 0 0
133 46 10 0 23 0 0 0 0
134 61 33 0 26 0 0 0 0
135 62 63 0 17 0 0 0 0
136 63 69 0 6 0 0 0 0
137 32 22 0 9 0 0 0 0
138 45 35 0 15 0 0 0 0
139 59 15 0 14 0 0 0 0
140 5 6 0 7 0 0 0 0
141 10 17 0 27 0 0 0 0
142 21 10 0 13 0 0 0 0
143 5 64 0 11 0 0 0 0
144 30 15 0 16 0 0 0 0
145 39 10 0 10 0 0 0 0
146 32 39 0 5 0 0 0 0
147 25 32 0 25 0 0 0 0
148 25 55 0 17 0 0 0 0
149 48 28 0 18 0 0 0 0
150 56 37 0 10 0 0 0 0
151 22 22 0 18 0 0 0 0
152 36 26 0 26 0 0 0 0
153 21 45 0 11 0 0 0 0
154 45 35 0 30 0 0 0 0
155 55 20 0 21 0 0 0 0
156 33 34 0 19 0 0 0 0
157 50 50 0 15 0 0 0 0
158 55 45 0 16 0 0 0 0
159 26 59 0 29 0 0 0 0
160 40 66 0 26 0 0 0 0
161 55 65 0 37 0 0 0 0
162 35 51 0 16 0 0 0 0
163 62 35 0 12 0 0 0 0
164 62 57 0 31 0 0 0 0
165 62 24 0 8 0 0 0 0
166 21 36 0 19 0 0 0 0
167 33 44 0 20 0 0 0 0
168 9 56 0 13 0 0 0 0
169 62 48 0 15 0 0 0 0
170 66 14 0 22 0 0 0 0
171 44 13 0 28 0 0 0 0
172 26 13 0 12 0 0 0 0
173 11 28 0 6 0 0 0 0
174 7 43 0 27 0 0 0 0
175 17 64 0 14 0 0 0 0
176 41 46 0 18 0 0 0 0
177 55 34 0 17 0 0 0 0
178 35 16 0 29 0 0 0 0
179 52 26 0 13 0 0 0 0
180 43 26 0 22 0 0 0 0
181 31 76 0 25 0 0 0 0
182 22 53 0 28 0 0 0 0
183 26 29 0 27 0 0 0 0
184 50 40 0 19 0 0 0 0
185 55 50 0 10 0 0 0 0
186 54 10 0 12 0 0 0 0
187 60 15 0 14 0 0 0 0
188 47 66 0 24 0 0 0 0
189 30 60 0 16 0 0 0 0
190 30 50 0 33 0 0 0 0
191 12 17 0 15 0 0 0 0
192 15 14 0 11 0 0 0 0
193 16 19 0 18 0 0 0 0
194 21 48 0 17 0 0 0 0
195 50 30 0 21 0 0 0 0
196 51 42 0 27 0 0 0 0
197 50 15 0 19 0 0 0 0
198 48 21 0 20 0 0 0 0
199 12 38 0 5 0 0 0 0
200 35 35 0 0 0 0
