 3 216 6
50 180
50 180
50 180
50 180
50 180
50 180
 1 -41.235 -66.357 14  3 1 6 1 2 4 8 16 32
 2  34.064 -59.357 16 16 1 6 1 2 4 8 16 32
 3  20.917 -52.582 17  8 1 6 1 2 4 8 16 32
 4 -38.538 -37.396 19 15 1 6 1 2 4 8 16 32
 5  41.058  22.931  6 12 1 6 1 2 4 8 16 32
 6 -54.034 -53.131  7 13 1 6 1 2 4 8 16 32
 7   8.099  80.725  3  8 1 6 1 2 4 8 16 32
 8  81.299  13.409 10 24 1 6 1 2 4 8 16 32
 9  14.459  -2.972  4 14 1 6 1 2 4 8 16 32
10 -52.539  60.107 17 17 1 6 1 2 4 8 16 32
11 -57.202 -34.229 10  8 1 6 1 2 4 8 16 32
12 -65.552 -40.222 13 11 1 6 1 2 4 8 16 32
13 -19.751 -10.278 20  8 1 6 1 2 4 8 16 32
14 -26.965 -87.012  6 17 1 6 1 2 4 8 16 32
15   3.192 -88.654 18 19 1 6 1 2 4 8 16 32
16  34.521  32.837  3 13 1 6 1 2 4 8 16 32
17  80.035   5.273 10  2 1 6 1 2 4 8 16 32
18 -39.838 -67.731  4  8 1 6 1 2 4 8 16 32
19  14.600  11.365 15 21 1 6 1 2 4 8 16 32
20 -20.990 -80.511  4 13 1 6 1 2 4 8 16 32
21  48.242  47.284  6 17 1 6 1 2 4 8 16 32
22  59.338 -31.860 19  4 1 6 1 2 4 8 16 32
23 -13.995 -45.624  7 22 1 6 1 2 4 8 16 32
24  32.397 -32.532 20 24 1 6 1 2 4 8 16 32
25   2.826  50.824 12 11 1 6 1 2 4 8 16 32
26 -66.077 -34.686  8  6 1 6 1 2 4 8 16 32
27 -13.660  18.640 18 19 1 6 1 2 4 8 16 32
28 -59.344  12.769  1 11 1 6 1 2 4 8 16 32
29  -5.133 -18.463 25 23 1 6 1 2 4 8 16 32
30 -22.961 -21.729 16  4 1 6 1 2 4 8 16 32
31  58.130  46.606  5  5 1 6 1 2 4 8 16 32
32 -49.603 -76.624  7 16 1 6 1 2 4 8 16 32
33  -4.803  43.036 20  2 1 6 1 2 4 8 16 32
34  68.616 -19.623  3 13 1 6 1 2 4 8 16 32
35  37.915  63.599 11 11 1 6 1 2 4 8 16 32
36   1.251 -26.550 15  9 1 6 1 2 4 8 16 32
37 -37.952   1.685 15 18 1 6 1 2 4 8 16 32
38 -40.503   8.038  8  7 1 6 1 2 4 8 16 32
39  -8.392 -38.678 13 24 1 6 1 2 4 8 16 32
40 -36.725  25.494 16  5 1 6 1 2 4 8 16 32
41 -47.754 -50.073  4  2 1 6 1 2 4 8 16 32
42  22.595 -28.357  9  5 1 6 1 2 4 8 16 32
43 -36.365 -48.163  5  5 1 6 1 2 4 8 16 32
44  75.452 -13.422 20  3 1 6 1 2 4 8 16 32
45 -64.520 -13.232 10 13 1 6 1 2 4 8 16 32
46   1.257  29.156  9  2 1 6 1 2 4 8 16 32
47  -1.569 -35.974 18 10 1 6 1 2 4 8 16 32
48  46.747   6.696 13 12 1 6 1 2 4 8 16 32
49  82.080  27.057 17 24 1 6 1 2 4 8 16 32
50  74.695  19.366 22 21 1 6 1 2 4 8 16 32
51  47.015   9.338  5 18 1 6 1 2 4 8 16 32
52 -62.036 -21.326 12  5 1 6 1 2 4 8 16 32
53   9.192  20.038  4 15 1 6 1 2 4 8 16 32
54  -3.094  21.582  5 11 1 6 1 2 4 8 16 32
55 -75.446  13.086 22  7 1 6 1 2 4 8 16 32
56  10.034 -63.739  7  3 1 6 1 2 4 8 16 32
57  71.814  26.501 12 17 1 6 1 2 4 8 16 32
58  18.842 -38.019 10 14 1 6 1 2 4 8 16 32
59 -10.541 -31.305 18 14 1 6 1 2 4 8 16 32
60   8.252 -91.150 17  7 1 6 1 2 4 8 16 32
61  72.821 -38.916  3 12 1 6 1 2 4 8 16 32
62 -30.157  38.776  1  5 1 6 1 2 4 8 16 32
63 -56.256  -5.548  9 11 1 6 1 2 4 8 16 32
64  -8.398 -37.604 12 17 1 6 1 2 4 8 16 32
65  15.021  13.708  4  3 1 6 1 2 4 8 16 32
66 -60.199  24.292  2  7 1 6 1 2 4 8 16 32
67 -13.794 -27.106 18 13 1 6 1 2 4 8 16 32
68 -34.796 -22.205 23 20 1 6 1 2 4 8 16 32
69  69.641  83.057 14 13 1 6 1 2 4 8 16 32
70 -44.440  30.090  6  4 1 6 1 2 4 8 16 32
71  48.633   3.021  1  3 1 6 1 2 4 8 16 32
72 -15.314  51.709  6 24 1 6 1 2 4 8 16 32
73  36.261  26.782  6 23 1 6 1 2 4 8 16 32
74  59.961  24.310  8 21 1 6 1 2 4 8 16 32
75  55.304   6.628 25 23 1 6 1 2 4 8 16 32
76  39.960  48.297  3 10 1 6 1 2 4 8 16 32
77 -48.895 -71.100  3 21 1 6 1 2 4 8 16 32
78  -2.338 -62.909 16 24 1 6 1 2 4 8 16 32
79   9.491 -41.901  5  9 1 6 1 2 4 8 16 32
80 -54.675 -18.439  6 22 1 6 1 2 4 8 16 32
81  10.980  -7.605  6  3 1 6 1 2 4 8 16 32
82 -69.824 -50.354 16  6 1 6 1 2 4 8 16 32
83 -40.308  -7.452  6 11 1 6 1 2 4 8 16 32
84  62.244  43.628 13 10 1 6 1 2 4 8 16 32
85  29.077  63.116  4 15 1 6 1 2 4 8 16 32
86 -12.067 -21.509 12  9 1 6 1 2 4 8 16 32
87  14.728  28.906 15 20 1 6 1 2 4 8 16 32
88 -63.086 -60.114 10 19 1 6 1 2 4 8 16 32
89  33.655  -0.928 19 19 1 6 1 2 4 8 16 32
90 -12.225  14.148 19 19 1 6 1 2 4 8 16 32
91 -89.966  51.514  1 20 1 6 1 2 4 8 16 32
92  -0.763  41.339 22  1 1 6 1 2 4 8 16 32
93  80.695  32.983 20 15 1 6 1 2 4 8 16 32
94 -53.394 -14.240  5 18 1 6 1 2 4 8 16 32
95 -53.284 -64.136 12  2 1 6 1 2 4 8 16 32
96  73.260  10.669  4 25 1 6 1 2 4 8 16 32
97  59.613  13.452 12 20 1 6 1 2 4 8 16 32
98 -37.012   6.476  8 18 1 6 1 2 4 8 16 32
99 -53.656  21.692 10  8 1 6 1 2 4 8 16 32
00 -36.890  18.372  2  3 1 6 1 2 4 8 16 32
01  -4.608 -13.806 25  2 1 6 1 2 4 8 16 32
02  53.802  36.993 14 15 1 6 1 2 4 8 16 32
03  48.468 -66.040 20 21 1 6 1 2 4 8 16 32
04 -46.393 -20.929 11  6 1 6 1 2 4 8 16 32
05 -15.045 -40.845  4 24 1 6 1 2 4 8 16 32
06 -73.621  -9.552  6 19 1 6 1 2 4 8 16 32
07  92.847  45.587  8 23 1 6 1 2 4 8 16 32
08  33.557  28.064  5 16 1 6 1 2 4 8 16 32
09  47.321  24.414  3 16 1 6 1 2 4 8 16 32
10  -6.610 -30.157  4  9 1 6 1 2 4 8 16 32
11  12.103  23.840 24  1 1 6 1 2 4 8 16 32
12 -61.963  26.239  4 10 1 6 1 2 4 8 16 32
13  23.877   9.808 11 14 1 6 1 2 4 8 16 32
14  49.780   6.866 23 11 1 6 1 2 4 8 16 32
15 -53.021 -21.484  1  4 1 6 1 2 4 8 16 32
16  54.962   2.985 15 23 1 6 1 2 4 8 16 32
17   4.865 -69.586 12 23 1 6 1 2 4 8 16 32
18  33.948  45.209 10 22 1 6 1 2 4 8 16 32
19 -32.166 -23.621 24 11 1 6 1 2 4 8 16 32
20 -17.548 -46.765  5 14 1 6 1 2 4 8 16 32
21  31.744  33.972 23 12 1 6 1 2 4 8 16 32
22  45.374  22.131 15 13 1 6 1 2 4 8 16 32
23  -5.219 -23.114  6 11 1 6 1 2 4 8 16 32
24 -51.056 -46.545 20  9 1 6 1 2 4 8 16 32
25  11.774  11.133 13  6 1 6 1 2 4 8 16 32
26 -39.758 -13.019  3 25 1 6 1 2 4 8 16 32
27  27.930  29.321  3 21 1 6 1 2 4 8 16 32
28  33.740  66.595 25 13 1 6 1 2 4 8 16 32
29 -91.815  29.858 15 23 1 6 1 2 4 8 16 32
30 -24.628 -68.701  6  8 1 6 1 2 4 8 16 32
31  44.659  20.465  4  7 1 6 1 2 4 8 16 32
32  45.447 -21.069 14  8 1 6 1 2 4 8 16 32
33 -37.366 -12.097 15  9 1 6 1 2 4 8 16 32
34  41.998   0.153 17  2 1 6 1 2 4 8 16 32
35 -42.822 -30.170 12 24 1 6 1 2 4 8 16 32
36  34.906  -4.578  2  7 1 6 1 2 4 8 16 32
37 -65.137 -43.079 11 23 1 6 1 2 4 8 16 32
38  20.270  -4.999  5 21 1 6 1 2 4 8 16 32
39 -36.731  -8.929 20 12 1 6 1 2 4 8 16 32
40 -26.984 -19.568 16 23 1 6 1 2 4 8 16 32
41 -31.299 -83.813 13 18 1 6 1 2 4 8 16 32
42 -26.794  12.506  9  5 1 6 1 2 4 8 16 32
43 -39.362 -58.521 23 15 1 6 1 2 4 8 16 32
44 -34.369   0.610 11 11 1 6 1 2 4 8 16 32
45  43.372   4.187 14  8 1 6 1 2 4 8 16 32
46 -38.226  -9.448  3  2 1 6 1 2 4 8 16 32
47 -25.610 -99.237  9  6 1 6 1 2 4 8 16 32
48  48.059  29.517 21 23 1 6 1 2 4 8 16 32
49 -43.628 -32.318 24  9 1 6 1 2 4 8 16 32
50 -16.602 -29.327  4  1 1 6 1 2 4 8 16 32
51 -29.810 -12.408 18 12 1 6 1 2 4 8 16 32
52 -51.910 -28.711 10 17 1 6 1 2 4 8 16 32
53  -1.801 -18.671  3  2 1 6 1 2 4 8 16 32
54  18.738  21.399  4  5 1 6 1 2 4 8 16 32
55  60.120   7.788 25  1 1 6 1 2 4 8 16 32
56  43.079  42.017  3 20 1 6 1 2 4 8 16 32
57 -39.435  -5.902 22 19 1 6 1 2 4 8 16 32
58 -35.889 -16.034 19 13 1 6 1 2 4 8 16 32
59 -41.827  38.995 20 10 1 6 1 2 4 8 16 32
60  84.497  29.822  7  9 1 6 1 2 4 8 16 32
61 -17.560 -10.480 19 14 1 6 1 2 4 8 16 32
62 -48.383 -48.920 19  4 1 6 1 2 4 8 16 32
63 -49.335 -17.969 22 20 1 6 1 2 4 8 16 32
64  16.095  -2.490  4 17 1 6 1 2 4 8 16 32
65  65.527  14.026 25 19 1 6 1 2 4 8 16 32
66  -2.930  13.220 23 19 1 6 1 2 4 8 16 32
67 -18.768 -23.663 24 16 1 6 1 2 4 8 16 32
68 -91.095 -80.737 25  4 1 6 1 2 4 8 16 32
69 -21.088 -13.293  4  1 1 6 1 2 4 8 16 32
70  46.985  17.224  3 21 1 6 1 2 4 8 16 32
71 -61.957 -33.038  7  9 1 6 1 2 4 8 16 32
72  -9.003 -25.452 10  2 1 6 1 2 4 8 16 32
73  33.661  -7.666 10 24 1 6 1 2 4 8 16 32
74 -25.592 -10.840 23  1 1 6 1 2 4 8 16 32
75  36.560  -2.441 18 21 1 6 1 2 4 8 16 32
76   7.141  24.817  8 13 1 6 1 2 4 8 16 32
77 -43.170 -30.487 16 15 1 6 1 2 4 8 16 32
78 -21.228   0.751  4  4 1 6 1 2 4 8 16 32
79  19.696  10.767 14 10 1 6 1 2 4 8 16 32
80  -6.494 -29.425 23 19 1 6 1 2 4 8 16 32
81  54.388   8.630 17  1 1 6 1 2 4 8 16 32
82  64.203  77.612  7 25 1 6 1 2 4 8 16 32
83  40.381   1.611  8  3 1 6 1 2 4 8 16 32
84 -41.711  -5.133 14 21 1 6 1 2 4 8 16 32
85  74.274 -19.922 22  7 1 6 1 2 4 8 16 32
86 -73.999 -54.626  7 18 1 6 1 2 4 8 16 32
87  29.706  15.454 16  3 1 6 1 2 4 8 16 32
88  23.785  12.177 24  1 1 6 1 2 4 8 16 32
89  42.578  45.325 15  2 1 6 1 2 4 8 16 32
90 -16.730 -16.559 15  8 1 6 1 2 4 8 16 32
91 -14.697  -0.116  5 10 1 6 1 2 4 8 16 32
92 -19.769   8.392  9 19 1 6 1 2 4 8 16 32
93 -30.267  14.893 24 17 1 6 1 2 4 8 16 32
94 -63.116 -67.462  6 19 1 6 1 2 4 8 16 32
95  86.029  38.916  3 24 1 6 1 2 4 8 16 32
96  79.480 -24.866 24 24 1 6 1 2 4 8 16 32
97  35.144  14.734 22  6 1 6 1 2 4 8 16 32
98 -49.365  -9.052  2  2 1 6 1 2 4 8 16 32
99 -49.475 -17.578 21  7 1 6 1 2 4 8 16 32
00  57.501  16.327 17 10 1 6 1 2 4 8 16 32
01  54.889  12.024 13 13 1 6 1 2 4 8 16 32
02 -53.027 -33.179 21 20 1 6 1 2 4 8 16 32
03  -0.415  16.644  3  1 1 6 1 2 4 8 16 32
04  21.594  16.144  9 17 1 6 1 2 4 8 16 32
05 -46.924 -49.261 14 17 1 6 1 2 4 8 16 32
06  18.457  19.733  9 16 1 6 1 2 4 8 16 32
07  35.822  19.763  3  9 1 6 1 2 4 8 16 32
08  71.869  29.034 22 25 1 6 1 2 4 8 16 32
09 -56.378 -42.755 13  1 1 6 1 2 4 8 16 32
10 -25.800  25.159 10 23 1 6 1 2 4 8 16 32
11  -5.676  33.850  7 10 1 6 1 2 4 8 16 32
12  54.041  -5.292  3 15 1 6 1 2 4 8 16 32
13 -63.074  27.380 11 25 1 6 1 2 4 8 16 32
14 -16.864 -49.768 17 25 1 6 1 2 4 8 16 32
15  47.919  13.629 15 16 1 6 1 2 4 8 16 32
16 -10.724  -2.075  4  1 1 6 1 2 4 8 16 32
17 -15.067 -23.950  0  0 0 0
18  38.791  22.443  0  0 0 0
19 -41.833 -35.361  0  0 0 0
20 -29.523  -4.843  0  0 0 0
21  49.725  11.990  0  0 0 0
22  21.133  14.142  0  0 0 0
