../GA ../Data/DataFiles/pr01 773 0.845 0.6499999999999999 0.645 2 2.0 101.0 0.18719999999999992 0.8800000000000001 0.483 0.575 0.101 1150 575 > logs_KNN/salida_pr01_0
../GA ../Data/DataFiles/pr01 416 0.845 0.6499999999999999 0.645 2 2.0 101.0 0.18719999999999992 0.8800000000000001 0.483 0.575 0.101 1150 575 > logs_KNN/salida_pr01_1
../GA ../Data/DataFiles/pr01 348 0.845 0.6499999999999999 0.645 2 2.0 101.0 0.18719999999999992 0.8800000000000001 0.483 0.575 0.101 1150 575 > logs_KNN/salida_pr01_2
../GA ../Data/DataFiles/pr01 416 0.845 0.6499999999999999 0.645 2 2.0 101.0 0.18719999999999992 0.8800000000000001 0.483 0.575 0.101 1150 575 > logs_KNN/salida_pr01_3
../GA ../Data/DataFiles/pr01 747 0.845 0.6499999999999999 0.645 2 2.0 101.0 0.18719999999999992 0.8800000000000001 0.483 0.575 0.101 1150 575 > logs_KNN/salida_pr01_4
../GA ../Data/DataFiles/pr01 261 0.845 0.6499999999999999 0.645 2 2.0 101.0 0.18719999999999992 0.8800000000000001 0.483 0.575 0.101 1150 575 > logs_KNN/salida_pr01_5
../GA ../Data/DataFiles/pr01 488 0.845 0.6499999999999999 0.645 2 2.0 101.0 0.18719999999999992 0.8800000000000001 0.483 0.575 0.101 1150 575 > logs_KNN/salida_pr01_6
../GA ../Data/DataFiles/pr01 124 0.845 0.6499999999999999 0.645 2 2.0 101.0 0.18719999999999992 0.8800000000000001 0.483 0.575 0.101 1150 575 > logs_KNN/salida_pr01_7
../GA ../Data/DataFiles/pr01 106 0.845 0.6499999999999999 0.645 2 2.0 101.0 0.18719999999999992 0.8800000000000001 0.483 0.575 0.101 1150 575 > logs_KNN/salida_pr01_8
../GA ../Data/DataFiles/pr01 640 0.845 0.6499999999999999 0.645 2 2.0 101.0 0.18719999999999992 0.8800000000000001 0.483 0.575 0.101 1150 575 > logs_KNN/salida_pr01_9
../GA ../Data/DataFiles/pr02 906 0.935 0.595 0.6849999999999999 3 2.15 86.0 6.061100000000001 0.8300000000000001 0.55 0.55 0.12500000000000003 990 495 > logs_KNN/salida_pr02_0
../GA ../Data/DataFiles/pr02 670 0.935 0.595 0.6849999999999999 3 2.15 86.0 6.061100000000001 0.8300000000000001 0.55 0.55 0.12500000000000003 990 495 > logs_KNN/salida_pr02_1
../GA ../Data/DataFiles/pr02 723 0.935 0.595 0.6849999999999999 3 2.15 86.0 6.061100000000001 0.8300000000000001 0.55 0.55 0.12500000000000003 990 495 > logs_KNN/salida_pr02_2
../GA ../Data/DataFiles/pr02 165 0.935 0.595 0.6849999999999999 3 2.15 86.0 6.061100000000001 0.8300000000000001 0.55 0.55 0.12500000000000003 990 495 > logs_KNN/salida_pr02_3
../GA ../Data/DataFiles/pr02 404 0.935 0.595 0.6849999999999999 3 2.15 86.0 6.061100000000001 0.8300000000000001 0.55 0.55 0.12500000000000003 990 495 > logs_KNN/salida_pr02_4
../GA ../Data/DataFiles/pr02 822 0.935 0.595 0.6849999999999999 3 2.15 86.0 6.061100000000001 0.8300000000000001 0.55 0.55 0.12500000000000003 990 495 > logs_KNN/salida_pr02_5
../GA ../Data/DataFiles/pr02 450 0.935 0.595 0.6849999999999999 3 2.15 86.0 6.061100000000001 0.8300000000000001 0.55 0.55 0.12500000000000003 990 495 > logs_KNN/salida_pr02_6
../GA ../Data/DataFiles/pr02 341 0.935 0.595 0.6849999999999999 3 2.15 86.0 6.061100000000001 0.8300000000000001 0.55 0.55 0.12500000000000003 990 495 > logs_KNN/salida_pr02_7
../GA ../Data/DataFiles/pr02 662 0.935 0.595 0.6849999999999999 3 2.15 86.0 6.061100000000001 0.8300000000000001 0.55 0.55 0.12500000000000003 990 495 > logs_KNN/salida_pr02_8
../GA ../Data/DataFiles/pr02 813 0.935 0.595 0.6849999999999999 3 2.15 86.0 6.061100000000001 0.8300000000000001 0.55 0.55 0.12500000000000003 990 495 > logs_KNN/salida_pr02_9
../GA ../Data/DataFiles/pr03 410 0.935 0.595 0.6849999999999999 3 2.15 86.0 6.061100000000001 0.8300000000000001 0.55 0.55 0.12500000000000003 990 495 > logs_KNN/salida_pr03_0
../GA ../Data/DataFiles/pr03 849 0.935 0.595 0.6849999999999999 3 2.15 86.0 6.061100000000001 0.8300000000000001 0.55 0.55 0.12500000000000003 990 495 > logs_KNN/salida_pr03_1
../GA ../Data/DataFiles/pr03 580 0.935 0.595 0.6849999999999999 3 2.15 86.0 6.061100000000001 0.8300000000000001 0.55 0.55 0.12500000000000003 990 495 > logs_KNN/salida_pr03_2
../GA ../Data/DataFiles/pr03 873 0.935 0.595 0.6849999999999999 3 2.15 86.0 6.061100000000001 0.8300000000000001 0.55 0.55 0.12500000000000003 990 495 > logs_KNN/salida_pr03_3
../GA ../Data/DataFiles/pr03 704 0.935 0.595 0.6849999999999999 3 2.15 86.0 6.061100000000001 0.8300000000000001 0.55 0.55 0.12500000000000003 990 495 > logs_KNN/salida_pr03_4
../GA ../Data/DataFiles/pr03 449 0.935 0.595 0.6849999999999999 3 2.15 86.0 6.061100000000001 0.8300000000000001 0.55 0.55 0.12500000000000003 990 495 > logs_KNN/salida_pr03_5
../GA ../Data/DataFiles/pr03 87 0.935 0.595 0.6849999999999999 3 2.15 86.0 6.061100000000001 0.8300000000000001 0.55 0.55 0.12500000000000003 990 495 > logs_KNN/salida_pr03_6
../GA ../Data/DataFiles/pr03 782 0.935 0.595 0.6849999999999999 3 2.15 86.0 6.061100000000001 0.8300000000000001 0.55 0.55 0.12500000000000003 990 495 > logs_KNN/salida_pr03_7
../GA ../Data/DataFiles/pr03 151 0.935 0.595 0.6849999999999999 3 2.15 86.0 6.061100000000001 0.8300000000000001 0.55 0.55 0.12500000000000003 990 495 > logs_KNN/salida_pr03_8
../GA ../Data/DataFiles/pr03 119 0.935 0.595 0.6849999999999999 3 2.15 86.0 6.061100000000001 0.8300000000000001 0.55 0.55 0.12500000000000003 990 495 > logs_KNN/salida_pr03_9
../GA ../Data/DataFiles/pr04 107 0.935 0.595 0.6849999999999999 3 2.15 86.0 6.061100000000001 0.8300000000000001 0.55 0.55 0.12500000000000003 990 495 > logs_KNN/salida_pr04_0
../GA ../Data/DataFiles/pr04 982 0.935 0.595 0.6849999999999999 3 2.15 86.0 6.061100000000001 0.8300000000000001 0.55 0.55 0.12500000000000003 990 495 > logs_KNN/salida_pr04_1
../GA ../Data/DataFiles/pr04 54 0.935 0.595 0.6849999999999999 3 2.15 86.0 6.061100000000001 0.8300000000000001 0.55 0.55 0.12500000000000003 990 495 > logs_KNN/salida_pr04_2
../GA ../Data/DataFiles/pr04 280 0.935 0.595 0.6849999999999999 3 2.15 86.0 6.061100000000001 0.8300000000000001 0.55 0.55 0.12500000000000003 990 495 > logs_KNN/salida_pr04_3
../GA ../Data/DataFiles/pr04 419 0.935 0.595 0.6849999999999999 3 2.15 86.0 6.061100000000001 0.8300000000000001 0.55 0.55 0.12500000000000003 990 495 > logs_KNN/salida_pr04_4
../GA ../Data/DataFiles/pr04 889 0.935 0.595 0.6849999999999999 3 2.15 86.0 6.061100000000001 0.8300000000000001 0.55 0.55 0.12500000000000003 990 495 > logs_KNN/salida_pr04_5
../GA ../Data/DataFiles/pr04 264 0.935 0.595 0.6849999999999999 3 2.15 86.0 6.061100000000001 0.8300000000000001 0.55 0.55 0.12500000000000003 990 495 > logs_KNN/salida_pr04_6
../GA ../Data/DataFiles/pr04 542 0.935 0.595 0.6849999999999999 3 2.15 86.0 6.061100000000001 0.8300000000000001 0.55 0.55 0.12500000000000003 990 495 > logs_KNN/salida_pr04_7
../GA ../Data/DataFiles/pr04 288 0.935 0.595 0.6849999999999999 3 2.15 86.0 6.061100000000001 0.8300000000000001 0.55 0.55 0.12500000000000003 990 495 > logs_KNN/salida_pr04_8
../GA ../Data/DataFiles/pr04 414 0.935 0.595 0.6849999999999999 3 2.15 86.0 6.061100000000001 0.8300000000000001 0.55 0.55 0.12500000000000003 990 495 > logs_KNN/salida_pr04_9
../GA ../Data/DataFiles/pr05 418 0.935 0.595 0.6849999999999999 3 2.15 86.0 6.061100000000001 0.8300000000000001 0.55 0.55 0.12500000000000003 990 495 > logs_KNN/salida_pr05_0
../GA ../Data/DataFiles/pr05 627 0.935 0.595 0.6849999999999999 3 2.15 86.0 6.061100000000001 0.8300000000000001 0.55 0.55 0.12500000000000003 990 495 > logs_KNN/salida_pr05_1
../GA ../Data/DataFiles/pr05 83 0.935 0.595 0.6849999999999999 3 2.15 86.0 6.061100000000001 0.8300000000000001 0.55 0.55 0.12500000000000003 990 495 > logs_KNN/salida_pr05_2
../GA ../Data/DataFiles/pr05 283 0.935 0.595 0.6849999999999999 3 2.15 86.0 6.061100000000001 0.8300000000000001 0.55 0.55 0.12500000000000003 990 495 > logs_KNN/salida_pr05_3
../GA ../Data/DataFiles/pr05 782 0.935 0.595 0.6849999999999999 3 2.15 86.0 6.061100000000001 0.8300000000000001 0.55 0.55 0.12500000000000003 990 495 > logs_KNN/salida_pr05_4
../GA ../Data/DataFiles/pr05 90 0.935 0.595 0.6849999999999999 3 2.15 86.0 6.061100000000001 0.8300000000000001 0.55 0.55 0.12500000000000003 990 495 > logs_KNN/salida_pr05_5
../GA ../Data/DataFiles/pr05 56 0.935 0.595 0.6849999999999999 3 2.15 86.0 6.061100000000001 0.8300000000000001 0.55 0.55 0.12500000000000003 990 495 > logs_KNN/salida_pr05_6
../GA ../Data/DataFiles/pr05 2 0.935 0.595 0.6849999999999999 3 2.15 86.0 6.061100000000001 0.8300000000000001 0.55 0.55 0.12500000000000003 990 495 > logs_KNN/salida_pr05_7
../GA ../Data/DataFiles/pr05 495 0.935 0.595 0.6849999999999999 3 2.15 86.0 6.061100000000001 0.8300000000000001 0.55 0.55 0.12500000000000003 990 495 > logs_KNN/salida_pr05_8
../GA ../Data/DataFiles/pr05 68 0.935 0.595 0.6849999999999999 3 2.15 86.0 6.061100000000001 0.8300000000000001 0.55 0.55 0.12500000000000003 990 495 > logs_KNN/salida_pr05_9
../GA ../Data/DataFiles/pr06 883 0.935 0.595 0.6849999999999999 3 2.15 86.0 6.061100000000001 0.8300000000000001 0.55 0.55 0.12500000000000003 990 495 > logs_KNN/salida_pr06_0
../GA ../Data/DataFiles/pr06 420 0.935 0.595 0.6849999999999999 3 2.15 86.0 6.061100000000001 0.8300000000000001 0.55 0.55 0.12500000000000003 990 495 > logs_KNN/salida_pr06_1
../GA ../Data/DataFiles/pr06 650 0.935 0.595 0.6849999999999999 3 2.15 86.0 6.061100000000001 0.8300000000000001 0.55 0.55 0.12500000000000003 990 495 > logs_KNN/salida_pr06_2
../GA ../Data/DataFiles/pr06 347 0.935 0.595 0.6849999999999999 3 2.15 86.0 6.061100000000001 0.8300000000000001 0.55 0.55 0.12500000000000003 990 495 > logs_KNN/salida_pr06_3
../GA ../Data/DataFiles/pr06 587 0.935 0.595 0.6849999999999999 3 2.15 86.0 6.061100000000001 0.8300000000000001 0.55 0.55 0.12500000000000003 990 495 > logs_KNN/salida_pr06_4
../GA ../Data/DataFiles/pr06 982 0.935 0.595 0.6849999999999999 3 2.15 86.0 6.061100000000001 0.8300000000000001 0.55 0.55 0.12500000000000003 990 495 > logs_KNN/salida_pr06_5
../GA ../Data/DataFiles/pr06 321 0.935 0.595 0.6849999999999999 3 2.15 86.0 6.061100000000001 0.8300000000000001 0.55 0.55 0.12500000000000003 990 495 > logs_KNN/salida_pr06_6
../GA ../Data/DataFiles/pr06 718 0.935 0.595 0.6849999999999999 3 2.15 86.0 6.061100000000001 0.8300000000000001 0.55 0.55 0.12500000000000003 990 495 > logs_KNN/salida_pr06_7
../GA ../Data/DataFiles/pr06 457 0.935 0.595 0.6849999999999999 3 2.15 86.0 6.061100000000001 0.8300000000000001 0.55 0.55 0.12500000000000003 990 495 > logs_KNN/salida_pr06_8
../GA ../Data/DataFiles/pr06 705 0.935 0.595 0.6849999999999999 3 2.15 86.0 6.061100000000001 0.8300000000000001 0.55 0.55 0.12500000000000003 990 495 > logs_KNN/salida_pr06_9
../GA ../Data/DataFiles/pr07 766 0.845 0.6499999999999999 0.645 2 2.0 101.0 0.18719999999999992 0.8800000000000001 0.483 0.575 0.101 1150 575 > logs_KNN/salida_pr07_0
../GA ../Data/DataFiles/pr07 235 0.845 0.6499999999999999 0.645 2 2.0 101.0 0.18719999999999992 0.8800000000000001 0.483 0.575 0.101 1150 575 > logs_KNN/salida_pr07_1
../GA ../Data/DataFiles/pr07 244 0.845 0.6499999999999999 0.645 2 2.0 101.0 0.18719999999999992 0.8800000000000001 0.483 0.575 0.101 1150 575 > logs_KNN/salida_pr07_2
../GA ../Data/DataFiles/pr07 351 0.845 0.6499999999999999 0.645 2 2.0 101.0 0.18719999999999992 0.8800000000000001 0.483 0.575 0.101 1150 575 > logs_KNN/salida_pr07_3
../GA ../Data/DataFiles/pr07 984 0.845 0.6499999999999999 0.645 2 2.0 101.0 0.18719999999999992 0.8800000000000001 0.483 0.575 0.101 1150 575 > logs_KNN/salida_pr07_4
../GA ../Data/DataFiles/pr07 278 0.845 0.6499999999999999 0.645 2 2.0 101.0 0.18719999999999992 0.8800000000000001 0.483 0.575 0.101 1150 575 > logs_KNN/salida_pr07_5
../GA ../Data/DataFiles/pr07 863 0.845 0.6499999999999999 0.645 2 2.0 101.0 0.18719999999999992 0.8800000000000001 0.483 0.575 0.101 1150 575 > logs_KNN/salida_pr07_6
../GA ../Data/DataFiles/pr07 25 0.845 0.6499999999999999 0.645 2 2.0 101.0 0.18719999999999992 0.8800000000000001 0.483 0.575 0.101 1150 575 > logs_KNN/salida_pr07_7
../GA ../Data/DataFiles/pr07 656 0.845 0.6499999999999999 0.645 2 2.0 101.0 0.18719999999999992 0.8800000000000001 0.483 0.575 0.101 1150 575 > logs_KNN/salida_pr07_8
../GA ../Data/DataFiles/pr07 886 0.845 0.6499999999999999 0.645 2 2.0 101.0 0.18719999999999992 0.8800000000000001 0.483 0.575 0.101 1150 575 > logs_KNN/salida_pr07_9
../GA ../Data/DataFiles/pr08 575 0.935 0.595 0.6849999999999999 3 2.15 86.0 6.061100000000001 0.8300000000000001 0.55 0.55 0.12500000000000003 990 495 > logs_KNN/salida_pr08_0
../GA ../Data/DataFiles/pr08 560 0.935 0.595 0.6849999999999999 3 2.15 86.0 6.061100000000001 0.8300000000000001 0.55 0.55 0.12500000000000003 990 495 > logs_KNN/salida_pr08_1
../GA ../Data/DataFiles/pr08 800 0.935 0.595 0.6849999999999999 3 2.15 86.0 6.061100000000001 0.8300000000000001 0.55 0.55 0.12500000000000003 990 495 > logs_KNN/salida_pr08_2
../GA ../Data/DataFiles/pr08 269 0.935 0.595 0.6849999999999999 3 2.15 86.0 6.061100000000001 0.8300000000000001 0.55 0.55 0.12500000000000003 990 495 > logs_KNN/salida_pr08_3
../GA ../Data/DataFiles/pr08 674 0.935 0.595 0.6849999999999999 3 2.15 86.0 6.061100000000001 0.8300000000000001 0.55 0.55 0.12500000000000003 990 495 > logs_KNN/salida_pr08_4
../GA ../Data/DataFiles/pr08 640 0.935 0.595 0.6849999999999999 3 2.15 86.0 6.061100000000001 0.8300000000000001 0.55 0.55 0.12500000000000003 990 495 > logs_KNN/salida_pr08_5
../GA ../Data/DataFiles/pr08 314 0.935 0.595 0.6849999999999999 3 2.15 86.0 6.061100000000001 0.8300000000000001 0.55 0.55 0.12500000000000003 990 495 > logs_KNN/salida_pr08_6
../GA ../Data/DataFiles/pr08 50 0.935 0.595 0.6849999999999999 3 2.15 86.0 6.061100000000001 0.8300000000000001 0.55 0.55 0.12500000000000003 990 495 > logs_KNN/salida_pr08_7
../GA ../Data/DataFiles/pr08 134 0.935 0.595 0.6849999999999999 3 2.15 86.0 6.061100000000001 0.8300000000000001 0.55 0.55 0.12500000000000003 990 495 > logs_KNN/salida_pr08_8
../GA ../Data/DataFiles/pr08 600 0.935 0.595 0.6849999999999999 3 2.15 86.0 6.061100000000001 0.8300000000000001 0.55 0.55 0.12500000000000003 990 495 > logs_KNN/salida_pr08_9
../GA ../Data/DataFiles/pr09 204 0.935 0.595 0.6849999999999999 3 2.15 86.0 6.061100000000001 0.8300000000000001 0.55 0.55 0.12500000000000003 990 495 > logs_KNN/salida_pr09_0
../GA ../Data/DataFiles/pr09 443 0.935 0.595 0.6849999999999999 3 2.15 86.0 6.061100000000001 0.8300000000000001 0.55 0.55 0.12500000000000003 990 495 > logs_KNN/salida_pr09_1
../GA ../Data/DataFiles/pr09 314 0.935 0.595 0.6849999999999999 3 2.15 86.0 6.061100000000001 0.8300000000000001 0.55 0.55 0.12500000000000003 990 495 > logs_KNN/salida_pr09_2
../GA ../Data/DataFiles/pr09 275 0.935 0.595 0.6849999999999999 3 2.15 86.0 6.061100000000001 0.8300000000000001 0.55 0.55 0.12500000000000003 990 495 > logs_KNN/salida_pr09_3
../GA ../Data/DataFiles/pr09 707 0.935 0.595 0.6849999999999999 3 2.15 86.0 6.061100000000001 0.8300000000000001 0.55 0.55 0.12500000000000003 990 495 > logs_KNN/salida_pr09_4
../GA ../Data/DataFiles/pr09 142 0.935 0.595 0.6849999999999999 3 2.15 86.0 6.061100000000001 0.8300000000000001 0.55 0.55 0.12500000000000003 990 495 > logs_KNN/salida_pr09_5
../GA ../Data/DataFiles/pr09 119 0.935 0.595 0.6849999999999999 3 2.15 86.0 6.061100000000001 0.8300000000000001 0.55 0.55 0.12500000000000003 990 495 > logs_KNN/salida_pr09_6
../GA ../Data/DataFiles/pr09 651 0.935 0.595 0.6849999999999999 3 2.15 86.0 6.061100000000001 0.8300000000000001 0.55 0.55 0.12500000000000003 990 495 > logs_KNN/salida_pr09_7
../GA ../Data/DataFiles/pr09 940 0.935 0.595 0.6849999999999999 3 2.15 86.0 6.061100000000001 0.8300000000000001 0.55 0.55 0.12500000000000003 990 495 > logs_KNN/salida_pr09_8
../GA ../Data/DataFiles/pr09 67 0.935 0.595 0.6849999999999999 3 2.15 86.0 6.061100000000001 0.8300000000000001 0.55 0.55 0.12500000000000003 990 495 > logs_KNN/salida_pr09_9
../GA ../Data/DataFiles/pr10 169 0.935 0.595 0.6849999999999999 3 2.15 86.0 6.061100000000001 0.8300000000000001 0.55 0.55 0.12500000000000003 990 495 > logs_KNN/salida_pr10_0
../GA ../Data/DataFiles/pr10 935 0.935 0.595 0.6849999999999999 3 2.15 86.0 6.061100000000001 0.8300000000000001 0.55 0.55 0.12500000000000003 990 495 > logs_KNN/salida_pr10_1
../GA ../Data/DataFiles/pr10 698 0.935 0.595 0.6849999999999999 3 2.15 86.0 6.061100000000001 0.8300000000000001 0.55 0.55 0.12500000000000003 990 495 > logs_KNN/salida_pr10_2
../GA ../Data/DataFiles/pr10 863 0.935 0.595 0.6849999999999999 3 2.15 86.0 6.061100000000001 0.8300000000000001 0.55 0.55 0.12500000000000003 990 495 > logs_KNN/salida_pr10_3
../GA ../Data/DataFiles/pr10 236 0.935 0.595 0.6849999999999999 3 2.15 86.0 6.061100000000001 0.8300000000000001 0.55 0.55 0.12500000000000003 990 495 > logs_KNN/salida_pr10_4
../GA ../Data/DataFiles/pr10 633 0.935 0.595 0.6849999999999999 3 2.15 86.0 6.061100000000001 0.8300000000000001 0.55 0.55 0.12500000000000003 990 495 > logs_KNN/salida_pr10_5
../GA ../Data/DataFiles/pr10 92 0.935 0.595 0.6849999999999999 3 2.15 86.0 6.061100000000001 0.8300000000000001 0.55 0.55 0.12500000000000003 990 495 > logs_KNN/salida_pr10_6
../GA ../Data/DataFiles/pr10 65 0.935 0.595 0.6849999999999999 3 2.15 86.0 6.061100000000001 0.8300000000000001 0.55 0.55 0.12500000000000003 990 495 > logs_KNN/salida_pr10_7
../GA ../Data/DataFiles/pr10 561 0.935 0.595 0.6849999999999999 3 2.15 86.0 6.061100000000001 0.8300000000000001 0.55 0.55 0.12500000000000003 990 495 > logs_KNN/salida_pr10_8
../GA ../Data/DataFiles/pr10 891 0.935 0.595 0.6849999999999999 3 2.15 86.0 6.061100000000001 0.8300000000000001 0.55 0.55 0.12500000000000003 990 495 > logs_KNN/salida_pr10_9
../GA ../Data/DataFiles/p01 346 0.845 0.6499999999999999 0.645 2 2.0 101.0 0.18719999999999992 0.8800000000000001 0.483 0.575 0.101 1150 575 > logs_KNN/salida_p01_0
../GA ../Data/DataFiles/p01 414 0.845 0.6499999999999999 0.645 2 2.0 101.0 0.18719999999999992 0.8800000000000001 0.483 0.575 0.101 1150 575 > logs_KNN/salida_p01_1
../GA ../Data/DataFiles/p01 213 0.845 0.6499999999999999 0.645 2 2.0 101.0 0.18719999999999992 0.8800000000000001 0.483 0.575 0.101 1150 575 > logs_KNN/salida_p01_2
../GA ../Data/DataFiles/p01 336 0.845 0.6499999999999999 0.645 2 2.0 101.0 0.18719999999999992 0.8800000000000001 0.483 0.575 0.101 1150 575 > logs_KNN/salida_p01_3
../GA ../Data/DataFiles/p01 305 0.845 0.6499999999999999 0.645 2 2.0 101.0 0.18719999999999992 0.8800000000000001 0.483 0.575 0.101 1150 575 > logs_KNN/salida_p01_4
../GA ../Data/DataFiles/p01 99 0.845 0.6499999999999999 0.645 2 2.0 101.0 0.18719999999999992 0.8800000000000001 0.483 0.575 0.101 1150 575 > logs_KNN/salida_p01_5
../GA ../Data/DataFiles/p01 475 0.845 0.6499999999999999 0.645 2 2.0 101.0 0.18719999999999992 0.8800000000000001 0.483 0.575 0.101 1150 575 > logs_KNN/salida_p01_6
../GA ../Data/DataFiles/p01 63 0.845 0.6499999999999999 0.645 2 2.0 101.0 0.18719999999999992 0.8800000000000001 0.483 0.575 0.101 1150 575 > logs_KNN/salida_p01_7
../GA ../Data/DataFiles/p01 114 0.845 0.6499999999999999 0.645 2 2.0 101.0 0.18719999999999992 0.8800000000000001 0.483 0.575 0.101 1150 575 > logs_KNN/salida_p01_8
../GA ../Data/DataFiles/p01 800 0.845 0.6499999999999999 0.645 2 2.0 101.0 0.18719999999999992 0.8800000000000001 0.483 0.575 0.101 1150 575 > logs_KNN/salida_p01_9
../GA ../Data/DataFiles/p02 474 0.845 0.6499999999999999 0.645 2 2.0 101.0 0.18719999999999992 0.8800000000000001 0.483 0.575 0.101 1150 575 > logs_KNN/salida_p02_0
../GA ../Data/DataFiles/p02 728 0.845 0.6499999999999999 0.645 2 2.0 101.0 0.18719999999999992 0.8800000000000001 0.483 0.575 0.101 1150 575 > logs_KNN/salida_p02_1
../GA ../Data/DataFiles/p02 650 0.845 0.6499999999999999 0.645 2 2.0 101.0 0.18719999999999992 0.8800000000000001 0.483 0.575 0.101 1150 575 > logs_KNN/salida_p02_2
../GA ../Data/DataFiles/p02 139 0.845 0.6499999999999999 0.645 2 2.0 101.0 0.18719999999999992 0.8800000000000001 0.483 0.575 0.101 1150 575 > logs_KNN/salida_p02_3
../GA ../Data/DataFiles/p02 941 0.845 0.6499999999999999 0.645 2 2.0 101.0 0.18719999999999992 0.8800000000000001 0.483 0.575 0.101 1150 575 > logs_KNN/salida_p02_4
../GA ../Data/DataFiles/p02 433 0.845 0.6499999999999999 0.645 2 2.0 101.0 0.18719999999999992 0.8800000000000001 0.483 0.575 0.101 1150 575 > logs_KNN/salida_p02_5
../GA ../Data/DataFiles/p02 223 0.845 0.6499999999999999 0.645 2 2.0 101.0 0.18719999999999992 0.8800000000000001 0.483 0.575 0.101 1150 575 > logs_KNN/salida_p02_6
../GA ../Data/DataFiles/p02 633 0.845 0.6499999999999999 0.645 2 2.0 101.0 0.18719999999999992 0.8800000000000001 0.483 0.575 0.101 1150 575 > logs_KNN/salida_p02_7
../GA ../Data/DataFiles/p02 203 0.845 0.6499999999999999 0.645 2 2.0 101.0 0.18719999999999992 0.8800000000000001 0.483 0.575 0.101 1150 575 > logs_KNN/salida_p02_8
../GA ../Data/DataFiles/p02 610 0.845 0.6499999999999999 0.645 2 2.0 101.0 0.18719999999999992 0.8800000000000001 0.483 0.575 0.101 1150 575 > logs_KNN/salida_p02_9
../GA ../Data/DataFiles/p03 52 0.935 0.595 0.6849999999999999 3 2.15 86.0 6.061100000000001 0.8300000000000001 0.55 0.55 0.12500000000000003 990 495 > logs_KNN/salida_p03_0
../GA ../Data/DataFiles/p03 875 0.935 0.595 0.6849999999999999 3 2.15 86.0 6.061100000000001 0.8300000000000001 0.55 0.55 0.12500000000000003 990 495 > logs_KNN/salida_p03_1
../GA ../Data/DataFiles/p03 104 0.935 0.595 0.6849999999999999 3 2.15 86.0 6.061100000000001 0.8300000000000001 0.55 0.55 0.12500000000000003 990 495 > logs_KNN/salida_p03_2
../GA ../Data/DataFiles/p03 632 0.935 0.595 0.6849999999999999 3 2.15 86.0 6.061100000000001 0.8300000000000001 0.55 0.55 0.12500000000000003 990 495 > logs_KNN/salida_p03_3
../GA ../Data/DataFiles/p03 98 0.935 0.595 0.6849999999999999 3 2.15 86.0 6.061100000000001 0.8300000000000001 0.55 0.55 0.12500000000000003 990 495 > logs_KNN/salida_p03_4
../GA ../Data/DataFiles/p03 699 0.935 0.595 0.6849999999999999 3 2.15 86.0 6.061100000000001 0.8300000000000001 0.55 0.55 0.12500000000000003 990 495 > logs_KNN/salida_p03_5
../GA ../Data/DataFiles/p03 310 0.935 0.595 0.6849999999999999 3 2.15 86.0 6.061100000000001 0.8300000000000001 0.55 0.55 0.12500000000000003 990 495 > logs_KNN/salida_p03_6
../GA ../Data/DataFiles/p03 779 0.935 0.595 0.6849999999999999 3 2.15 86.0 6.061100000000001 0.8300000000000001 0.55 0.55 0.12500000000000003 990 495 > logs_KNN/salida_p03_7
../GA ../Data/DataFiles/p03 955 0.935 0.595 0.6849999999999999 3 2.15 86.0 6.061100000000001 0.8300000000000001 0.55 0.55 0.12500000000000003 990 495 > logs_KNN/salida_p03_8
../GA ../Data/DataFiles/p03 721 0.935 0.595 0.6849999999999999 3 2.15 86.0 6.061100000000001 0.8300000000000001 0.55 0.55 0.12500000000000003 990 495 > logs_KNN/salida_p03_9
../GA ../Data/DataFiles/p04 278 0.935 0.595 0.6849999999999999 3 2.15 86.0 6.061100000000001 0.8300000000000001 0.55 0.55 0.12500000000000003 990 495 > logs_KNN/salida_p04_0
../GA ../Data/DataFiles/p04 915 0.935 0.595 0.6849999999999999 3 2.15 86.0 6.061100000000001 0.8300000000000001 0.55 0.55 0.12500000000000003 990 495 > logs_KNN/salida_p04_1
../GA ../Data/DataFiles/p04 587 0.935 0.595 0.6849999999999999 3 2.15 86.0 6.061100000000001 0.8300000000000001 0.55 0.55 0.12500000000000003 990 495 > logs_KNN/salida_p04_2
../GA ../Data/DataFiles/p04 579 0.935 0.595 0.6849999999999999 3 2.15 86.0 6.061100000000001 0.8300000000000001 0.55 0.55 0.12500000000000003 990 495 > logs_KNN/salida_p04_3
../GA ../Data/DataFiles/p04 644 0.935 0.595 0.6849999999999999 3 2.15 86.0 6.061100000000001 0.8300000000000001 0.55 0.55 0.12500000000000003 990 495 > logs_KNN/salida_p04_4
../GA ../Data/DataFiles/p04 369 0.935 0.595 0.6849999999999999 3 2.15 86.0 6.061100000000001 0.8300000000000001 0.55 0.55 0.12500000000000003 990 495 > logs_KNN/salida_p04_5
../GA ../Data/DataFiles/p04 300 0.935 0.595 0.6849999999999999 3 2.15 86.0 6.061100000000001 0.8300000000000001 0.55 0.55 0.12500000000000003 990 495 > logs_KNN/salida_p04_6
../GA ../Data/DataFiles/p04 71 0.935 0.595 0.6849999999999999 3 2.15 86.0 6.061100000000001 0.8300000000000001 0.55 0.55 0.12500000000000003 990 495 > logs_KNN/salida_p04_7
../GA ../Data/DataFiles/p04 65 0.935 0.595 0.6849999999999999 3 2.15 86.0 6.061100000000001 0.8300000000000001 0.55 0.55 0.12500000000000003 990 495 > logs_KNN/salida_p04_8
../GA ../Data/DataFiles/p04 977 0.935 0.595 0.6849999999999999 3 2.15 86.0 6.061100000000001 0.8300000000000001 0.55 0.55 0.12500000000000003 990 495 > logs_KNN/salida_p04_9
../GA ../Data/DataFiles/p05 96 0.935 0.595 0.6849999999999999 3 2.15 86.0 6.061100000000001 0.8300000000000001 0.55 0.55 0.12500000000000003 990 495 > logs_KNN/salida_p05_0
../GA ../Data/DataFiles/p05 206 0.935 0.595 0.6849999999999999 3 2.15 86.0 6.061100000000001 0.8300000000000001 0.55 0.55 0.12500000000000003 990 495 > logs_KNN/salida_p05_1
../GA ../Data/DataFiles/p05 634 0.935 0.595 0.6849999999999999 3 2.15 86.0 6.061100000000001 0.8300000000000001 0.55 0.55 0.12500000000000003 990 495 > logs_KNN/salida_p05_2
../GA ../Data/DataFiles/p05 264 0.935 0.595 0.6849999999999999 3 2.15 86.0 6.061100000000001 0.8300000000000001 0.55 0.55 0.12500000000000003 990 495 > logs_KNN/salida_p05_3
../GA ../Data/DataFiles/p05 604 0.935 0.595 0.6849999999999999 3 2.15 86.0 6.061100000000001 0.8300000000000001 0.55 0.55 0.12500000000000003 990 495 > logs_KNN/salida_p05_4
../GA ../Data/DataFiles/p05 263 0.935 0.595 0.6849999999999999 3 2.15 86.0 6.061100000000001 0.8300000000000001 0.55 0.55 0.12500000000000003 990 495 > logs_KNN/salida_p05_5
../GA ../Data/DataFiles/p05 831 0.935 0.595 0.6849999999999999 3 2.15 86.0 6.061100000000001 0.8300000000000001 0.55 0.55 0.12500000000000003 990 495 > logs_KNN/salida_p05_6
../GA ../Data/DataFiles/p05 481 0.935 0.595 0.6849999999999999 3 2.15 86.0 6.061100000000001 0.8300000000000001 0.55 0.55 0.12500000000000003 990 495 > logs_KNN/salida_p05_7
../GA ../Data/DataFiles/p05 977 0.935 0.595 0.6849999999999999 3 2.15 86.0 6.061100000000001 0.8300000000000001 0.55 0.55 0.12500000000000003 990 495 > logs_KNN/salida_p05_8
../GA ../Data/DataFiles/p05 285 0.935 0.595 0.6849999999999999 3 2.15 86.0 6.061100000000001 0.8300000000000001 0.55 0.55 0.12500000000000003 990 495 > logs_KNN/salida_p05_9
../GA ../Data/DataFiles/p06 913 0.935 0.595 0.6849999999999999 3 2.15 86.0 6.061100000000001 0.8300000000000001 0.55 0.55 0.12500000000000003 990 495 > logs_KNN/salida_p06_0
../GA ../Data/DataFiles/p06 926 0.935 0.595 0.6849999999999999 3 2.15 86.0 6.061100000000001 0.8300000000000001 0.55 0.55 0.12500000000000003 990 495 > logs_KNN/salida_p06_1
../GA ../Data/DataFiles/p06 169 0.935 0.595 0.6849999999999999 3 2.15 86.0 6.061100000000001 0.8300000000000001 0.55 0.55 0.12500000000000003 990 495 > logs_KNN/salida_p06_2
../GA ../Data/DataFiles/p06 473 0.935 0.595 0.6849999999999999 3 2.15 86.0 6.061100000000001 0.8300000000000001 0.55 0.55 0.12500000000000003 990 495 > logs_KNN/salida_p06_3
../GA ../Data/DataFiles/p06 431 0.935 0.595 0.6849999999999999 3 2.15 86.0 6.061100000000001 0.8300000000000001 0.55 0.55 0.12500000000000003 990 495 > logs_KNN/salida_p06_4
../GA ../Data/DataFiles/p06 710 0.935 0.595 0.6849999999999999 3 2.15 86.0 6.061100000000001 0.8300000000000001 0.55 0.55 0.12500000000000003 990 495 > logs_KNN/salida_p06_5
../GA ../Data/DataFiles/p06 786 0.935 0.595 0.6849999999999999 3 2.15 86.0 6.061100000000001 0.8300000000000001 0.55 0.55 0.12500000000000003 990 495 > logs_KNN/salida_p06_6
../GA ../Data/DataFiles/p06 791 0.935 0.595 0.6849999999999999 3 2.15 86.0 6.061100000000001 0.8300000000000001 0.55 0.55 0.12500000000000003 990 495 > logs_KNN/salida_p06_7
../GA ../Data/DataFiles/p06 935 0.935 0.595 0.6849999999999999 3 2.15 86.0 6.061100000000001 0.8300000000000001 0.55 0.55 0.12500000000000003 990 495 > logs_KNN/salida_p06_8
../GA ../Data/DataFiles/p06 225 0.935 0.595 0.6849999999999999 3 2.15 86.0 6.061100000000001 0.8300000000000001 0.55 0.55 0.12500000000000003 990 495 > logs_KNN/salida_p06_9
../GA ../Data/DataFiles/p07 977 0.935 0.595 0.6849999999999999 3 2.15 86.0 6.061100000000001 0.8300000000000001 0.55 0.55 0.12500000000000003 990 495 > logs_KNN/salida_p07_0
../GA ../Data/DataFiles/p07 55 0.935 0.595 0.6849999999999999 3 2.15 86.0 6.061100000000001 0.8300000000000001 0.55 0.55 0.12500000000000003 990 495 > logs_KNN/salida_p07_1
../GA ../Data/DataFiles/p07 577 0.935 0.595 0.6849999999999999 3 2.15 86.0 6.061100000000001 0.8300000000000001 0.55 0.55 0.12500000000000003 990 495 > logs_KNN/salida_p07_2
../GA ../Data/DataFiles/p07 546 0.935 0.595 0.6849999999999999 3 2.15 86.0 6.061100000000001 0.8300000000000001 0.55 0.55 0.12500000000000003 990 495 > logs_KNN/salida_p07_3
../GA ../Data/DataFiles/p07 409 0.935 0.595 0.6849999999999999 3 2.15 86.0 6.061100000000001 0.8300000000000001 0.55 0.55 0.12500000000000003 990 495 > logs_KNN/salida_p07_4
../GA ../Data/DataFiles/p07 57 0.935 0.595 0.6849999999999999 3 2.15 86.0 6.061100000000001 0.8300000000000001 0.55 0.55 0.12500000000000003 990 495 > logs_KNN/salida_p07_5
../GA ../Data/DataFiles/p07 206 0.935 0.595 0.6849999999999999 3 2.15 86.0 6.061100000000001 0.8300000000000001 0.55 0.55 0.12500000000000003 990 495 > logs_KNN/salida_p07_6
../GA ../Data/DataFiles/p07 149 0.935 0.595 0.6849999999999999 3 2.15 86.0 6.061100000000001 0.8300000000000001 0.55 0.55 0.12500000000000003 990 495 > logs_KNN/salida_p07_7
../GA ../Data/DataFiles/p07 495 0.935 0.595 0.6849999999999999 3 2.15 86.0 6.061100000000001 0.8300000000000001 0.55 0.55 0.12500000000000003 990 495 > logs_KNN/salida_p07_8
../GA ../Data/DataFiles/p07 650 0.935 0.595 0.6849999999999999 3 2.15 86.0 6.061100000000001 0.8300000000000001 0.55 0.55 0.12500000000000003 990 495 > logs_KNN/salida_p07_9
../GA ../Data/DataFiles/p08 845 0.96 0.645 0.5950000000000001 2 1.85 71.0 6.2501 0.8400000000000001 0.508 0.558 0.14500000000000002 740 370 > logs_KNN/salida_p08_0
../GA ../Data/DataFiles/p08 19 0.96 0.645 0.5950000000000001 2 1.85 71.0 6.2501 0.8400000000000001 0.508 0.558 0.14500000000000002 740 370 > logs_KNN/salida_p08_1
../GA ../Data/DataFiles/p08 233 0.96 0.645 0.5950000000000001 2 1.85 71.0 6.2501 0.8400000000000001 0.508 0.558 0.14500000000000002 740 370 > logs_KNN/salida_p08_2
../GA ../Data/DataFiles/p08 100 0.96 0.645 0.5950000000000001 2 1.85 71.0 6.2501 0.8400000000000001 0.508 0.558 0.14500000000000002 740 370 > logs_KNN/salida_p08_3
../GA ../Data/DataFiles/p08 839 0.96 0.645 0.5950000000000001 2 1.85 71.0 6.2501 0.8400000000000001 0.508 0.558 0.14500000000000002 740 370 > logs_KNN/salida_p08_4
../GA ../Data/DataFiles/p08 882 0.96 0.645 0.5950000000000001 2 1.85 71.0 6.2501 0.8400000000000001 0.508 0.558 0.14500000000000002 740 370 > logs_KNN/salida_p08_5
../GA ../Data/DataFiles/p08 739 0.96 0.645 0.5950000000000001 2 1.85 71.0 6.2501 0.8400000000000001 0.508 0.558 0.14500000000000002 740 370 > logs_KNN/salida_p08_6
../GA ../Data/DataFiles/p08 367 0.96 0.645 0.5950000000000001 2 1.85 71.0 6.2501 0.8400000000000001 0.508 0.558 0.14500000000000002 740 370 > logs_KNN/salida_p08_7
../GA ../Data/DataFiles/p08 309 0.96 0.645 0.5950000000000001 2 1.85 71.0 6.2501 0.8400000000000001 0.508 0.558 0.14500000000000002 740 370 > logs_KNN/salida_p08_8
../GA ../Data/DataFiles/p08 449 0.96 0.645 0.5950000000000001 2 1.85 71.0 6.2501 0.8400000000000001 0.508 0.558 0.14500000000000002 740 370 > logs_KNN/salida_p08_9
../GA ../Data/DataFiles/p09 627 0.96 0.595 0.595 3 1.85 81.0 6.150200000000001 0.82 0.508 0.533 0.131 740 370 > logs_KNN/salida_p09_0
../GA ../Data/DataFiles/p09 321 0.96 0.595 0.595 3 1.85 81.0 6.150200000000001 0.82 0.508 0.533 0.131 740 370 > logs_KNN/salida_p09_1
../GA ../Data/DataFiles/p09 480 0.96 0.595 0.595 3 1.85 81.0 6.150200000000001 0.82 0.508 0.533 0.131 740 370 > logs_KNN/salida_p09_2
../GA ../Data/DataFiles/p09 127 0.96 0.595 0.595 3 1.85 81.0 6.150200000000001 0.82 0.508 0.533 0.131 740 370 > logs_KNN/salida_p09_3
../GA ../Data/DataFiles/p09 771 0.96 0.595 0.595 3 1.85 81.0 6.150200000000001 0.82 0.508 0.533 0.131 740 370 > logs_KNN/salida_p09_4
../GA ../Data/DataFiles/p09 136 0.96 0.595 0.595 3 1.85 81.0 6.150200000000001 0.82 0.508 0.533 0.131 740 370 > logs_KNN/salida_p09_5
../GA ../Data/DataFiles/p09 290 0.96 0.595 0.595 3 1.85 81.0 6.150200000000001 0.82 0.508 0.533 0.131 740 370 > logs_KNN/salida_p09_6
../GA ../Data/DataFiles/p09 203 0.96 0.595 0.595 3 1.85 81.0 6.150200000000001 0.82 0.508 0.533 0.131 740 370 > logs_KNN/salida_p09_7
../GA ../Data/DataFiles/p09 422 0.96 0.595 0.595 3 1.85 81.0 6.150200000000001 0.82 0.508 0.533 0.131 740 370 > logs_KNN/salida_p09_8
../GA ../Data/DataFiles/p09 280 0.96 0.595 0.595 3 1.85 81.0 6.150200000000001 0.82 0.508 0.533 0.131 740 370 > logs_KNN/salida_p09_9
../GA ../Data/DataFiles/p10 126 0.935 0.5750000000000001 0.545 2 1.55 121.0 4.2152 0.8699999999999999 0.433 0.608 0.09300000000000001 408 245 > logs_KNN/salida_p10_0
../GA ../Data/DataFiles/p10 703 0.935 0.5750000000000001 0.545 2 1.55 121.0 4.2152 0.8699999999999999 0.433 0.608 0.09300000000000001 408 245 > logs_KNN/salida_p10_1
../GA ../Data/DataFiles/p10 370 0.935 0.5750000000000001 0.545 2 1.55 121.0 4.2152 0.8699999999999999 0.433 0.608 0.09300000000000001 408 245 > logs_KNN/salida_p10_2
../GA ../Data/DataFiles/p10 367 0.935 0.5750000000000001 0.545 2 1.55 121.0 4.2152 0.8699999999999999 0.433 0.608 0.09300000000000001 408 245 > logs_KNN/salida_p10_3
../GA ../Data/DataFiles/p10 431 0.935 0.5750000000000001 0.545 2 1.55 121.0 4.2152 0.8699999999999999 0.433 0.608 0.09300000000000001 408 245 > logs_KNN/salida_p10_4
../GA ../Data/DataFiles/p10 239 0.935 0.5750000000000001 0.545 2 1.55 121.0 4.2152 0.8699999999999999 0.433 0.608 0.09300000000000001 408 245 > logs_KNN/salida_p10_5
../GA ../Data/DataFiles/p10 833 0.935 0.5750000000000001 0.545 2 1.55 121.0 4.2152 0.8699999999999999 0.433 0.608 0.09300000000000001 408 245 > logs_KNN/salida_p10_6
../GA ../Data/DataFiles/p10 680 0.935 0.5750000000000001 0.545 2 1.55 121.0 4.2152 0.8699999999999999 0.433 0.608 0.09300000000000001 408 245 > logs_KNN/salida_p10_7
../GA ../Data/DataFiles/p10 129 0.935 0.5750000000000001 0.545 2 1.55 121.0 4.2152 0.8699999999999999 0.433 0.608 0.09300000000000001 408 245 > logs_KNN/salida_p10_8
../GA ../Data/DataFiles/p10 986 0.935 0.5750000000000001 0.545 2 1.55 121.0 4.2152 0.8699999999999999 0.433 0.608 0.09300000000000001 408 245 > logs_KNN/salida_p10_9
../GA ../Data/DataFiles/p11 837 0.885 0.525 0.545 2 1.3499999999999999 136.0 2.2262 0.86 0.558 0.591 0.098 1124 90 > logs_KNN/salida_p11_0
../GA ../Data/DataFiles/p11 64 0.885 0.525 0.545 2 1.3499999999999999 136.0 2.2262 0.86 0.558 0.591 0.098 1124 90 > logs_KNN/salida_p11_1
../GA ../Data/DataFiles/p11 521 0.885 0.525 0.545 2 1.3499999999999999 136.0 2.2262 0.86 0.558 0.591 0.098 1124 90 > logs_KNN/salida_p11_2
../GA ../Data/DataFiles/p11 605 0.885 0.525 0.545 2 1.3499999999999999 136.0 2.2262 0.86 0.558 0.591 0.098 1124 90 > logs_KNN/salida_p11_3
../GA ../Data/DataFiles/p11 316 0.885 0.525 0.545 2 1.3499999999999999 136.0 2.2262 0.86 0.558 0.591 0.098 1124 90 > logs_KNN/salida_p11_4
../GA ../Data/DataFiles/p11 796 0.885 0.525 0.545 2 1.3499999999999999 136.0 2.2262 0.86 0.558 0.591 0.098 1124 90 > logs_KNN/salida_p11_5
../GA ../Data/DataFiles/p11 979 0.885 0.525 0.545 2 1.3499999999999999 136.0 2.2262 0.86 0.558 0.591 0.098 1124 90 > logs_KNN/salida_p11_6
../GA ../Data/DataFiles/p11 344 0.885 0.525 0.545 2 1.3499999999999999 136.0 2.2262 0.86 0.558 0.591 0.098 1124 90 > logs_KNN/salida_p11_7
../GA ../Data/DataFiles/p11 918 0.885 0.525 0.545 2 1.3499999999999999 136.0 2.2262 0.86 0.558 0.591 0.098 1124 90 > logs_KNN/salida_p11_8
../GA ../Data/DataFiles/p11 156 0.885 0.525 0.545 2 1.3499999999999999 136.0 2.2262 0.86 0.558 0.591 0.098 1124 90 > logs_KNN/salida_p11_9
../GA ../Data/DataFiles/p12 776 0.895 0.445 0.435 2 2.1 86.0 3.2212 0.79 0.499 0.491 0.126 1120 560 > logs_KNN/salida_p12_0
../GA ../Data/DataFiles/p12 611 0.895 0.445 0.435 2 2.1 86.0 3.2212 0.79 0.499 0.491 0.126 1120 560 > logs_KNN/salida_p12_1
../GA ../Data/DataFiles/p12 773 0.895 0.445 0.435 2 2.1 86.0 3.2212 0.79 0.499 0.491 0.126 1120 560 > logs_KNN/salida_p12_2
../GA ../Data/DataFiles/p12 682 0.895 0.445 0.435 2 2.1 86.0 3.2212 0.79 0.499 0.491 0.126 1120 560 > logs_KNN/salida_p12_3
../GA ../Data/DataFiles/p12 156 0.895 0.445 0.435 2 2.1 86.0 3.2212 0.79 0.499 0.491 0.126 1120 560 > logs_KNN/salida_p12_4
../GA ../Data/DataFiles/p12 798 0.895 0.445 0.435 2 2.1 86.0 3.2212 0.79 0.499 0.491 0.126 1120 560 > logs_KNN/salida_p12_5
../GA ../Data/DataFiles/p12 264 0.895 0.445 0.435 2 2.1 86.0 3.2212 0.79 0.499 0.491 0.126 1120 560 > logs_KNN/salida_p12_6
../GA ../Data/DataFiles/p12 339 0.895 0.445 0.435 2 2.1 86.0 3.2212 0.79 0.499 0.491 0.126 1120 560 > logs_KNN/salida_p12_7
../GA ../Data/DataFiles/p12 214 0.895 0.445 0.435 2 2.1 86.0 3.2212 0.79 0.499 0.491 0.126 1120 560 > logs_KNN/salida_p12_8
../GA ../Data/DataFiles/p12 210 0.895 0.445 0.435 2 2.1 86.0 3.2212 0.79 0.499 0.491 0.126 1120 560 > logs_KNN/salida_p12_9
../GA ../Data/DataFiles/p13 178 0.895 0.445 0.435 2 2.1 86.0 3.2212 0.79 0.499 0.491 0.126 1120 560 > logs_KNN/salida_p13_0
../GA ../Data/DataFiles/p13 14 0.895 0.445 0.435 2 2.1 86.0 3.2212 0.79 0.499 0.491 0.126 1120 560 > logs_KNN/salida_p13_1
../GA ../Data/DataFiles/p13 482 0.895 0.445 0.435 2 2.1 86.0 3.2212 0.79 0.499 0.491 0.126 1120 560 > logs_KNN/salida_p13_2
../GA ../Data/DataFiles/p13 794 0.895 0.445 0.435 2 2.1 86.0 3.2212 0.79 0.499 0.491 0.126 1120 560 > logs_KNN/salida_p13_3
../GA ../Data/DataFiles/p13 728 0.895 0.445 0.435 2 2.1 86.0 3.2212 0.79 0.499 0.491 0.126 1120 560 > logs_KNN/salida_p13_4
../GA ../Data/DataFiles/p13 389 0.895 0.445 0.435 2 2.1 86.0 3.2212 0.79 0.499 0.491 0.126 1120 560 > logs_KNN/salida_p13_5
../GA ../Data/DataFiles/p13 755 0.895 0.445 0.435 2 2.1 86.0 3.2212 0.79 0.499 0.491 0.126 1120 560 > logs_KNN/salida_p13_6
../GA ../Data/DataFiles/p13 458 0.895 0.445 0.435 2 2.1 86.0 3.2212 0.79 0.499 0.491 0.126 1120 560 > logs_KNN/salida_p13_7
../GA ../Data/DataFiles/p13 24 0.895 0.445 0.435 2 2.1 86.0 3.2212 0.79 0.499 0.491 0.126 1120 560 > logs_KNN/salida_p13_8
../GA ../Data/DataFiles/p13 156 0.895 0.445 0.435 2 2.1 86.0 3.2212 0.79 0.499 0.491 0.126 1120 560 > logs_KNN/salida_p13_9
../GA ../Data/DataFiles/p14 51 0.895 0.445 0.435 2 2.1 86.0 3.2212 0.79 0.499 0.491 0.126 1120 560 > logs_KNN/salida_p14_0
../GA ../Data/DataFiles/p14 191 0.895 0.445 0.435 2 2.1 86.0 3.2212 0.79 0.499 0.491 0.126 1120 560 > logs_KNN/salida_p14_1
../GA ../Data/DataFiles/p14 71 0.895 0.445 0.435 2 2.1 86.0 3.2212 0.79 0.499 0.491 0.126 1120 560 > logs_KNN/salida_p14_2
../GA ../Data/DataFiles/p14 445 0.895 0.445 0.435 2 2.1 86.0 3.2212 0.79 0.499 0.491 0.126 1120 560 > logs_KNN/salida_p14_3
../GA ../Data/DataFiles/p14 406 0.895 0.445 0.435 2 2.1 86.0 3.2212 0.79 0.499 0.491 0.126 1120 560 > logs_KNN/salida_p14_4
../GA ../Data/DataFiles/p14 149 0.895 0.445 0.435 2 2.1 86.0 3.2212 0.79 0.499 0.491 0.126 1120 560 > logs_KNN/salida_p14_5
../GA ../Data/DataFiles/p14 468 0.895 0.445 0.435 2 2.1 86.0 3.2212 0.79 0.499 0.491 0.126 1120 560 > logs_KNN/salida_p14_6
../GA ../Data/DataFiles/p14 463 0.895 0.445 0.435 2 2.1 86.0 3.2212 0.79 0.499 0.491 0.126 1120 560 > logs_KNN/salida_p14_7
../GA ../Data/DataFiles/p14 862 0.895 0.445 0.435 2 2.1 86.0 3.2212 0.79 0.499 0.491 0.126 1120 560 > logs_KNN/salida_p14_8
../GA ../Data/DataFiles/p14 746 0.895 0.445 0.435 2 2.1 86.0 3.2212 0.79 0.499 0.491 0.126 1120 560 > logs_KNN/salida_p14_9
../GA ../Data/DataFiles/p15 957 0.885 0.525 0.545 2 1.3499999999999999 136.0 2.2262 0.86 0.558 0.591 0.098 1124 90 > logs_KNN/salida_p15_0
../GA ../Data/DataFiles/p15 796 0.885 0.525 0.545 2 1.3499999999999999 136.0 2.2262 0.86 0.558 0.591 0.098 1124 90 > logs_KNN/salida_p15_1
../GA ../Data/DataFiles/p15 572 0.885 0.525 0.545 2 1.3499999999999999 136.0 2.2262 0.86 0.558 0.591 0.098 1124 90 > logs_KNN/salida_p15_2
../GA ../Data/DataFiles/p15 263 0.885 0.525 0.545 2 1.3499999999999999 136.0 2.2262 0.86 0.558 0.591 0.098 1124 90 > logs_KNN/salida_p15_3
../GA ../Data/DataFiles/p15 884 0.885 0.525 0.545 2 1.3499999999999999 136.0 2.2262 0.86 0.558 0.591 0.098 1124 90 > logs_KNN/salida_p15_4
../GA ../Data/DataFiles/p15 246 0.885 0.525 0.545 2 1.3499999999999999 136.0 2.2262 0.86 0.558 0.591 0.098 1124 90 > logs_KNN/salida_p15_5
../GA ../Data/DataFiles/p15 816 0.885 0.525 0.545 2 1.3499999999999999 136.0 2.2262 0.86 0.558 0.591 0.098 1124 90 > logs_KNN/salida_p15_6
../GA ../Data/DataFiles/p15 530 0.885 0.525 0.545 2 1.3499999999999999 136.0 2.2262 0.86 0.558 0.591 0.098 1124 90 > logs_KNN/salida_p15_7
../GA ../Data/DataFiles/p15 831 0.885 0.525 0.545 2 1.3499999999999999 136.0 2.2262 0.86 0.558 0.591 0.098 1124 90 > logs_KNN/salida_p15_8
../GA ../Data/DataFiles/p15 713 0.885 0.525 0.545 2 1.3499999999999999 136.0 2.2262 0.86 0.558 0.591 0.098 1124 90 > logs_KNN/salida_p15_9
../GA ../Data/DataFiles/p16 546 0.885 0.525 0.545 2 1.3499999999999999 136.0 2.2262 0.86 0.558 0.591 0.098 1124 90 > logs_KNN/salida_p16_0
../GA ../Data/DataFiles/p16 421 0.885 0.525 0.545 2 1.3499999999999999 136.0 2.2262 0.86 0.558 0.591 0.098 1124 90 > logs_KNN/salida_p16_1
../GA ../Data/DataFiles/p16 172 0.885 0.525 0.545 2 1.3499999999999999 136.0 2.2262 0.86 0.558 0.591 0.098 1124 90 > logs_KNN/salida_p16_2
../GA ../Data/DataFiles/p16 494 0.885 0.525 0.545 2 1.3499999999999999 136.0 2.2262 0.86 0.558 0.591 0.098 1124 90 > logs_KNN/salida_p16_3
../GA ../Data/DataFiles/p16 305 0.885 0.525 0.545 2 1.3499999999999999 136.0 2.2262 0.86 0.558 0.591 0.098 1124 90 > logs_KNN/salida_p16_4
../GA ../Data/DataFiles/p16 977 0.885 0.525 0.545 2 1.3499999999999999 136.0 2.2262 0.86 0.558 0.591 0.098 1124 90 > logs_KNN/salida_p16_5
../GA ../Data/DataFiles/p16 728 0.885 0.525 0.545 2 1.3499999999999999 136.0 2.2262 0.86 0.558 0.591 0.098 1124 90 > logs_KNN/salida_p16_6
../GA ../Data/DataFiles/p16 433 0.885 0.525 0.545 2 1.3499999999999999 136.0 2.2262 0.86 0.558 0.591 0.098 1124 90 > logs_KNN/salida_p16_7
../GA ../Data/DataFiles/p16 533 0.885 0.525 0.545 2 1.3499999999999999 136.0 2.2262 0.86 0.558 0.591 0.098 1124 90 > logs_KNN/salida_p16_8
../GA ../Data/DataFiles/p16 954 0.885 0.525 0.545 2 1.3499999999999999 136.0 2.2262 0.86 0.558 0.591 0.098 1124 90 > logs_KNN/salida_p16_9
../GA ../Data/DataFiles/p17 72 0.885 0.525 0.545 2 1.3499999999999999 136.0 2.2262 0.86 0.558 0.591 0.098 1124 90 > logs_KNN/salida_p17_0
../GA ../Data/DataFiles/p17 777 0.885 0.525 0.545 2 1.3499999999999999 136.0 2.2262 0.86 0.558 0.591 0.098 1124 90 > logs_KNN/salida_p17_1
../GA ../Data/DataFiles/p17 30 0.885 0.525 0.545 2 1.3499999999999999 136.0 2.2262 0.86 0.558 0.591 0.098 1124 90 > logs_KNN/salida_p17_2
../GA ../Data/DataFiles/p17 451 0.885 0.525 0.545 2 1.3499999999999999 136.0 2.2262 0.86 0.558 0.591 0.098 1124 90 > logs_KNN/salida_p17_3
../GA ../Data/DataFiles/p17 666 0.885 0.525 0.545 2 1.3499999999999999 136.0 2.2262 0.86 0.558 0.591 0.098 1124 90 > logs_KNN/salida_p17_4
../GA ../Data/DataFiles/p17 102 0.885 0.525 0.545 2 1.3499999999999999 136.0 2.2262 0.86 0.558 0.591 0.098 1124 90 > logs_KNN/salida_p17_5
../GA ../Data/DataFiles/p17 419 0.885 0.525 0.545 2 1.3499999999999999 136.0 2.2262 0.86 0.558 0.591 0.098 1124 90 > logs_KNN/salida_p17_6
../GA ../Data/DataFiles/p17 543 0.885 0.525 0.545 2 1.3499999999999999 136.0 2.2262 0.86 0.558 0.591 0.098 1124 90 > logs_KNN/salida_p17_7
../GA ../Data/DataFiles/p17 216 0.885 0.525 0.545 2 1.3499999999999999 136.0 2.2262 0.86 0.558 0.591 0.098 1124 90 > logs_KNN/salida_p17_8
../GA ../Data/DataFiles/p17 769 0.885 0.525 0.545 2 1.3499999999999999 136.0 2.2262 0.86 0.558 0.591 0.098 1124 90 > logs_KNN/salida_p17_9
../GA ../Data/DataFiles/p18 114 0.885 0.525 0.545 2 1.3499999999999999 136.0 2.2262 0.86 0.558 0.591 0.098 1124 90 > logs_KNN/salida_p18_0
../GA ../Data/DataFiles/p18 531 0.885 0.525 0.545 2 1.3499999999999999 136.0 2.2262 0.86 0.558 0.591 0.098 1124 90 > logs_KNN/salida_p18_1
../GA ../Data/DataFiles/p18 756 0.885 0.525 0.545 2 1.3499999999999999 136.0 2.2262 0.86 0.558 0.591 0.098 1124 90 > logs_KNN/salida_p18_2
../GA ../Data/DataFiles/p18 222 0.885 0.525 0.545 2 1.3499999999999999 136.0 2.2262 0.86 0.558 0.591 0.098 1124 90 > logs_KNN/salida_p18_3
../GA ../Data/DataFiles/p18 490 0.885 0.525 0.545 2 1.3499999999999999 136.0 2.2262 0.86 0.558 0.591 0.098 1124 90 > logs_KNN/salida_p18_4
../GA ../Data/DataFiles/p18 339 0.885 0.525 0.545 2 1.3499999999999999 136.0 2.2262 0.86 0.558 0.591 0.098 1124 90 > logs_KNN/salida_p18_5
../GA ../Data/DataFiles/p18 919 0.885 0.525 0.545 2 1.3499999999999999 136.0 2.2262 0.86 0.558 0.591 0.098 1124 90 > logs_KNN/salida_p18_6
../GA ../Data/DataFiles/p18 428 0.885 0.525 0.545 2 1.3499999999999999 136.0 2.2262 0.86 0.558 0.591 0.098 1124 90 > logs_KNN/salida_p18_7
../GA ../Data/DataFiles/p18 961 0.885 0.525 0.545 2 1.3499999999999999 136.0 2.2262 0.86 0.558 0.591 0.098 1124 90 > logs_KNN/salida_p18_8
../GA ../Data/DataFiles/p18 622 0.885 0.525 0.545 2 1.3499999999999999 136.0 2.2262 0.86 0.558 0.591 0.098 1124 90 > logs_KNN/salida_p18_9
../GA ../Data/DataFiles/p19 676 0.885 0.525 0.545 2 1.3499999999999999 136.0 2.2262 0.86 0.558 0.591 0.098 1124 90 > logs_KNN/salida_p19_0
../GA ../Data/DataFiles/p19 292 0.885 0.525 0.545 2 1.3499999999999999 136.0 2.2262 0.86 0.558 0.591 0.098 1124 90 > logs_KNN/salida_p19_1
../GA ../Data/DataFiles/p19 770 0.885 0.525 0.545 2 1.3499999999999999 136.0 2.2262 0.86 0.558 0.591 0.098 1124 90 > logs_KNN/salida_p19_2
../GA ../Data/DataFiles/p19 984 0.885 0.525 0.545 2 1.3499999999999999 136.0 2.2262 0.86 0.558 0.591 0.098 1124 90 > logs_KNN/salida_p19_3
../GA ../Data/DataFiles/p19 384 0.885 0.525 0.545 2 1.3499999999999999 136.0 2.2262 0.86 0.558 0.591 0.098 1124 90 > logs_KNN/salida_p19_4
../GA ../Data/DataFiles/p19 52 0.885 0.525 0.545 2 1.3499999999999999 136.0 2.2262 0.86 0.558 0.591 0.098 1124 90 > logs_KNN/salida_p19_5
../GA ../Data/DataFiles/p19 794 0.885 0.525 0.545 2 1.3499999999999999 136.0 2.2262 0.86 0.558 0.591 0.098 1124 90 > logs_KNN/salida_p19_6
../GA ../Data/DataFiles/p19 3 0.885 0.525 0.545 2 1.3499999999999999 136.0 2.2262 0.86 0.558 0.591 0.098 1124 90 > logs_KNN/salida_p19_7
../GA ../Data/DataFiles/p19 426 0.885 0.525 0.545 2 1.3499999999999999 136.0 2.2262 0.86 0.558 0.591 0.098 1124 90 > logs_KNN/salida_p19_8
../GA ../Data/DataFiles/p19 721 0.885 0.525 0.545 2 1.3499999999999999 136.0 2.2262 0.86 0.558 0.591 0.098 1124 90 > logs_KNN/salida_p19_9
../GA ../Data/DataFiles/p20 415 0.885 0.525 0.545 2 1.3499999999999999 136.0 2.2262 0.86 0.558 0.591 0.098 1124 90 > logs_KNN/salida_p20_0
../GA ../Data/DataFiles/p20 678 0.885 0.525 0.545 2 1.3499999999999999 136.0 2.2262 0.86 0.558 0.591 0.098 1124 90 > logs_KNN/salida_p20_1
../GA ../Data/DataFiles/p20 724 0.885 0.525 0.545 2 1.3499999999999999 136.0 2.2262 0.86 0.558 0.591 0.098 1124 90 > logs_KNN/salida_p20_2
../GA ../Data/DataFiles/p20 296 0.885 0.525 0.545 2 1.3499999999999999 136.0 2.2262 0.86 0.558 0.591 0.098 1124 90 > logs_KNN/salida_p20_3
../GA ../Data/DataFiles/p20 841 0.885 0.525 0.545 2 1.3499999999999999 136.0 2.2262 0.86 0.558 0.591 0.098 1124 90 > logs_KNN/salida_p20_4
../GA ../Data/DataFiles/p20 726 0.885 0.525 0.545 2 1.3499999999999999 136.0 2.2262 0.86 0.558 0.591 0.098 1124 90 > logs_KNN/salida_p20_5
../GA ../Data/DataFiles/p20 371 0.885 0.525 0.545 2 1.3499999999999999 136.0 2.2262 0.86 0.558 0.591 0.098 1124 90 > logs_KNN/salida_p20_6
../GA ../Data/DataFiles/p20 880 0.885 0.525 0.545 2 1.3499999999999999 136.0 2.2262 0.86 0.558 0.591 0.098 1124 90 > logs_KNN/salida_p20_7
../GA ../Data/DataFiles/p20 15 0.885 0.525 0.545 2 1.3499999999999999 136.0 2.2262 0.86 0.558 0.591 0.098 1124 90 > logs_KNN/salida_p20_8
../GA ../Data/DataFiles/p20 24 0.885 0.525 0.545 2 1.3499999999999999 136.0 2.2262 0.86 0.558 0.591 0.098 1124 90 > logs_KNN/salida_p20_9
../GA ../Data/DataFiles/p21 833 0.885 0.595 0.5700000000000001 4 1.85 97.00000000000001 4.3111 0.79 0.675 0.541 0.096 1190 85 > logs_KNN/salida_p21_0
../GA ../Data/DataFiles/p21 394 0.885 0.595 0.5700000000000001 4 1.85 97.00000000000001 4.3111 0.79 0.675 0.541 0.096 1190 85 > logs_KNN/salida_p21_1
../GA ../Data/DataFiles/p21 416 0.885 0.595 0.5700000000000001 4 1.85 97.00000000000001 4.3111 0.79 0.675 0.541 0.096 1190 85 > logs_KNN/salida_p21_2
../GA ../Data/DataFiles/p21 439 0.885 0.595 0.5700000000000001 4 1.85 97.00000000000001 4.3111 0.79 0.675 0.541 0.096 1190 85 > logs_KNN/salida_p21_3
../GA ../Data/DataFiles/p21 643 0.885 0.595 0.5700000000000001 4 1.85 97.00000000000001 4.3111 0.79 0.675 0.541 0.096 1190 85 > logs_KNN/salida_p21_4
../GA ../Data/DataFiles/p21 695 0.885 0.595 0.5700000000000001 4 1.85 97.00000000000001 4.3111 0.79 0.675 0.541 0.096 1190 85 > logs_KNN/salida_p21_5
../GA ../Data/DataFiles/p21 867 0.885 0.595 0.5700000000000001 4 1.85 97.00000000000001 4.3111 0.79 0.675 0.541 0.096 1190 85 > logs_KNN/salida_p21_6
../GA ../Data/DataFiles/p21 183 0.885 0.595 0.5700000000000001 4 1.85 97.00000000000001 4.3111 0.79 0.675 0.541 0.096 1190 85 > logs_KNN/salida_p21_7
../GA ../Data/DataFiles/p21 708 0.885 0.595 0.5700000000000001 4 1.85 97.00000000000001 4.3111 0.79 0.675 0.541 0.096 1190 85 > logs_KNN/salida_p21_8
../GA ../Data/DataFiles/p21 818 0.885 0.595 0.5700000000000001 4 1.85 97.00000000000001 4.3111 0.79 0.675 0.541 0.096 1190 85 > logs_KNN/salida_p21_9
../GA ../Data/DataFiles/p22 401 0.885 0.595 0.5700000000000001 4 1.85 97.00000000000001 4.3111 0.79 0.675 0.541 0.096 1190 85 > logs_KNN/salida_p22_0
../GA ../Data/DataFiles/p22 450 0.885 0.595 0.5700000000000001 4 1.85 97.00000000000001 4.3111 0.79 0.675 0.541 0.096 1190 85 > logs_KNN/salida_p22_1
../GA ../Data/DataFiles/p22 871 0.885 0.595 0.5700000000000001 4 1.85 97.00000000000001 4.3111 0.79 0.675 0.541 0.096 1190 85 > logs_KNN/salida_p22_2
../GA ../Data/DataFiles/p22 479 0.885 0.595 0.5700000000000001 4 1.85 97.00000000000001 4.3111 0.79 0.675 0.541 0.096 1190 85 > logs_KNN/salida_p22_3
../GA ../Data/DataFiles/p22 998 0.885 0.595 0.5700000000000001 4 1.85 97.00000000000001 4.3111 0.79 0.675 0.541 0.096 1190 85 > logs_KNN/salida_p22_4
../GA ../Data/DataFiles/p22 419 0.885 0.595 0.5700000000000001 4 1.85 97.00000000000001 4.3111 0.79 0.675 0.541 0.096 1190 85 > logs_KNN/salida_p22_5
../GA ../Data/DataFiles/p22 71 0.885 0.595 0.5700000000000001 4 1.85 97.00000000000001 4.3111 0.79 0.675 0.541 0.096 1190 85 > logs_KNN/salida_p22_6
../GA ../Data/DataFiles/p22 157 0.885 0.595 0.5700000000000001 4 1.85 97.00000000000001 4.3111 0.79 0.675 0.541 0.096 1190 85 > logs_KNN/salida_p22_7
../GA ../Data/DataFiles/p22 275 0.885 0.595 0.5700000000000001 4 1.85 97.00000000000001 4.3111 0.79 0.675 0.541 0.096 1190 85 > logs_KNN/salida_p22_8
../GA ../Data/DataFiles/p22 893 0.885 0.595 0.5700000000000001 4 1.85 97.00000000000001 4.3111 0.79 0.675 0.541 0.096 1190 85 > logs_KNN/salida_p22_9
../GA ../Data/DataFiles/p23 104 0.885 0.595 0.5700000000000001 4 1.85 97.00000000000001 4.3111 0.79 0.675 0.541 0.096 1190 85 > logs_KNN/salida_p23_0
../GA ../Data/DataFiles/p23 457 0.885 0.595 0.5700000000000001 4 1.85 97.00000000000001 4.3111 0.79 0.675 0.541 0.096 1190 85 > logs_KNN/salida_p23_1
../GA ../Data/DataFiles/p23 885 0.885 0.595 0.5700000000000001 4 1.85 97.00000000000001 4.3111 0.79 0.675 0.541 0.096 1190 85 > logs_KNN/salida_p23_2
../GA ../Data/DataFiles/p23 731 0.885 0.595 0.5700000000000001 4 1.85 97.00000000000001 4.3111 0.79 0.675 0.541 0.096 1190 85 > logs_KNN/salida_p23_3
../GA ../Data/DataFiles/p23 241 0.885 0.595 0.5700000000000001 4 1.85 97.00000000000001 4.3111 0.79 0.675 0.541 0.096 1190 85 > logs_KNN/salida_p23_4
../GA ../Data/DataFiles/p23 228 0.885 0.595 0.5700000000000001 4 1.85 97.00000000000001 4.3111 0.79 0.675 0.541 0.096 1190 85 > logs_KNN/salida_p23_5
../GA ../Data/DataFiles/p23 468 0.885 0.595 0.5700000000000001 4 1.85 97.00000000000001 4.3111 0.79 0.675 0.541 0.096 1190 85 > logs_KNN/salida_p23_6
../GA ../Data/DataFiles/p23 582 0.885 0.595 0.5700000000000001 4 1.85 97.00000000000001 4.3111 0.79 0.675 0.541 0.096 1190 85 > logs_KNN/salida_p23_7
../GA ../Data/DataFiles/p23 681 0.885 0.595 0.5700000000000001 4 1.85 97.00000000000001 4.3111 0.79 0.675 0.541 0.096 1190 85 > logs_KNN/salida_p23_8
../GA ../Data/DataFiles/p23 208 0.885 0.595 0.5700000000000001 4 1.85 97.00000000000001 4.3111 0.79 0.675 0.541 0.096 1190 85 > logs_KNN/salida_p23_9
