../GA ../Data/DataFiles/pr01 66 0.63802373 0.5457617 0.51842386 10 1.328451 152.3527 1.3524747 0.96385324 0.48786962 0.3535421 0.12865698 892 446 > logs_ANN/salida_pr01_0
../GA ../Data/DataFiles/pr01 891 0.63802373 0.5457617 0.51842386 10 1.328451 152.3527 1.3524747 0.96385324 0.48786962 0.3535421 0.12865698 892 446 > logs_ANN/salida_pr01_1
../GA ../Data/DataFiles/pr01 520 0.63802373 0.5457617 0.51842386 10 1.328451 152.3527 1.3524747 0.96385324 0.48786962 0.3535421 0.12865698 892 446 > logs_ANN/salida_pr01_2
../GA ../Data/DataFiles/pr01 566 0.63802373 0.5457617 0.51842386 10 1.328451 152.3527 1.3524747 0.96385324 0.48786962 0.3535421 0.12865698 892 446 > logs_ANN/salida_pr01_3
../GA ../Data/DataFiles/pr01 561 0.63802373 0.5457617 0.51842386 10 1.328451 152.3527 1.3524747 0.96385324 0.48786962 0.3535421 0.12865698 892 446 > logs_ANN/salida_pr01_4
../GA ../Data/DataFiles/pr01 252 0.63802373 0.5457617 0.51842386 10 1.328451 152.3527 1.3524747 0.96385324 0.48786962 0.3535421 0.12865698 892 446 > logs_ANN/salida_pr01_5
../GA ../Data/DataFiles/pr01 157 0.63802373 0.5457617 0.51842386 10 1.328451 152.3527 1.3524747 0.96385324 0.48786962 0.3535421 0.12865698 892 446 > logs_ANN/salida_pr01_6
../GA ../Data/DataFiles/pr01 153 0.63802373 0.5457617 0.51842386 10 1.328451 152.3527 1.3524747 0.96385324 0.48786962 0.3535421 0.12865698 892 446 > logs_ANN/salida_pr01_7
../GA ../Data/DataFiles/pr01 333 0.63802373 0.5457617 0.51842386 10 1.328451 152.3527 1.3524747 0.96385324 0.48786962 0.3535421 0.12865698 892 446 > logs_ANN/salida_pr01_8
../GA ../Data/DataFiles/pr01 690 0.63802373 0.5457617 0.51842386 10 1.328451 152.3527 1.3524747 0.96385324 0.48786962 0.3535421 0.12865698 892 446 > logs_ANN/salida_pr01_9
../GA ../Data/DataFiles/pr02 770 0.9472395 0.50960004 0.57429135 7 1.4120584 122.340324 0.1314493 0.8896861 0.42593324 0.5416017 0.17019665 699 144 > logs_ANN/salida_pr02_0
../GA ../Data/DataFiles/pr02 809 0.9472395 0.50960004 0.57429135 7 1.4120584 122.340324 0.1314493 0.8896861 0.42593324 0.5416017 0.17019665 699 144 > logs_ANN/salida_pr02_1
../GA ../Data/DataFiles/pr02 98 0.9472395 0.50960004 0.57429135 7 1.4120584 122.340324 0.1314493 0.8896861 0.42593324 0.5416017 0.17019665 699 144 > logs_ANN/salida_pr02_2
../GA ../Data/DataFiles/pr02 640 0.9472395 0.50960004 0.57429135 7 1.4120584 122.340324 0.1314493 0.8896861 0.42593324 0.5416017 0.17019665 699 144 > logs_ANN/salida_pr02_3
../GA ../Data/DataFiles/pr02 469 0.9472395 0.50960004 0.57429135 7 1.4120584 122.340324 0.1314493 0.8896861 0.42593324 0.5416017 0.17019665 699 144 > logs_ANN/salida_pr02_4
../GA ../Data/DataFiles/pr02 576 0.9472395 0.50960004 0.57429135 7 1.4120584 122.340324 0.1314493 0.8896861 0.42593324 0.5416017 0.17019665 699 144 > logs_ANN/salida_pr02_5
../GA ../Data/DataFiles/pr02 826 0.9472395 0.50960004 0.57429135 7 1.4120584 122.340324 0.1314493 0.8896861 0.42593324 0.5416017 0.17019665 699 144 > logs_ANN/salida_pr02_6
../GA ../Data/DataFiles/pr02 277 0.9472395 0.50960004 0.57429135 7 1.4120584 122.340324 0.1314493 0.8896861 0.42593324 0.5416017 0.17019665 699 144 > logs_ANN/salida_pr02_7
../GA ../Data/DataFiles/pr02 607 0.9472395 0.50960004 0.57429135 7 1.4120584 122.340324 0.1314493 0.8896861 0.42593324 0.5416017 0.17019665 699 144 > logs_ANN/salida_pr02_8
../GA ../Data/DataFiles/pr02 104 0.9472395 0.50960004 0.57429135 7 1.4120584 122.340324 0.1314493 0.8896861 0.42593324 0.5416017 0.17019665 699 144 > logs_ANN/salida_pr02_9
../GA ../Data/DataFiles/pr03 226 0.9285079 0.61078197 0.43870917 7 1.5715315 106.137505 0.5145459 0.8223294 0.5771684 0.5446162 0.13844489 3846 27 > logs_ANN/salida_pr03_0
../GA ../Data/DataFiles/pr03 144 0.9285079 0.61078197 0.43870917 7 1.5715315 106.137505 0.5145459 0.8223294 0.5771684 0.5446162 0.13844489 3846 27 > logs_ANN/salida_pr03_1
../GA ../Data/DataFiles/pr03 539 0.9285079 0.61078197 0.43870917 7 1.5715315 106.137505 0.5145459 0.8223294 0.5771684 0.5446162 0.13844489 3846 27 > logs_ANN/salida_pr03_2
../GA ../Data/DataFiles/pr03 286 0.9285079 0.61078197 0.43870917 7 1.5715315 106.137505 0.5145459 0.8223294 0.5771684 0.5446162 0.13844489 3846 27 > logs_ANN/salida_pr03_3
../GA ../Data/DataFiles/pr03 320 0.9285079 0.61078197 0.43870917 7 1.5715315 106.137505 0.5145459 0.8223294 0.5771684 0.5446162 0.13844489 3846 27 > logs_ANN/salida_pr03_4
../GA ../Data/DataFiles/pr03 918 0.9285079 0.61078197 0.43870917 7 1.5715315 106.137505 0.5145459 0.8223294 0.5771684 0.5446162 0.13844489 3846 27 > logs_ANN/salida_pr03_5
../GA ../Data/DataFiles/pr03 556 0.9285079 0.61078197 0.43870917 7 1.5715315 106.137505 0.5145459 0.8223294 0.5771684 0.5446162 0.13844489 3846 27 > logs_ANN/salida_pr03_6
../GA ../Data/DataFiles/pr03 2 0.9285079 0.61078197 0.43870917 7 1.5715315 106.137505 0.5145459 0.8223294 0.5771684 0.5446162 0.13844489 3846 27 > logs_ANN/salida_pr03_7
../GA ../Data/DataFiles/pr03 399 0.9285079 0.61078197 0.43870917 7 1.5715315 106.137505 0.5145459 0.8223294 0.5771684 0.5446162 0.13844489 3846 27 > logs_ANN/salida_pr03_8
../GA ../Data/DataFiles/pr03 146 0.9285079 0.61078197 0.43870917 7 1.5715315 106.137505 0.5145459 0.8223294 0.5771684 0.5446162 0.13844489 3846 27 > logs_ANN/salida_pr03_9
../GA ../Data/DataFiles/pr04 891 1.007752 0.57907796 0.45727405 8 1.6605983 121.76236 0.11090964 0.8150236 0.49260482 0.57929593 0.16788042 781 129 > logs_ANN/salida_pr04_0
../GA ../Data/DataFiles/pr04 713 1.007752 0.57907796 0.45727405 8 1.6605983 121.76236 0.11090964 0.8150236 0.49260482 0.57929593 0.16788042 781 129 > logs_ANN/salida_pr04_1
../GA ../Data/DataFiles/pr04 255 1.007752 0.57907796 0.45727405 8 1.6605983 121.76236 0.11090964 0.8150236 0.49260482 0.57929593 0.16788042 781 129 > logs_ANN/salida_pr04_2
../GA ../Data/DataFiles/pr04 376 1.007752 0.57907796 0.45727405 8 1.6605983 121.76236 0.11090964 0.8150236 0.49260482 0.57929593 0.16788042 781 129 > logs_ANN/salida_pr04_3
../GA ../Data/DataFiles/pr04 692 1.007752 0.57907796 0.45727405 8 1.6605983 121.76236 0.11090964 0.8150236 0.49260482 0.57929593 0.16788042 781 129 > logs_ANN/salida_pr04_4
../GA ../Data/DataFiles/pr04 99 1.007752 0.57907796 0.45727405 8 1.6605983 121.76236 0.11090964 0.8150236 0.49260482 0.57929593 0.16788042 781 129 > logs_ANN/salida_pr04_5
../GA ../Data/DataFiles/pr04 938 1.007752 0.57907796 0.45727405 8 1.6605983 121.76236 0.11090964 0.8150236 0.49260482 0.57929593 0.16788042 781 129 > logs_ANN/salida_pr04_6
../GA ../Data/DataFiles/pr04 412 1.007752 0.57907796 0.45727405 8 1.6605983 121.76236 0.11090964 0.8150236 0.49260482 0.57929593 0.16788042 781 129 > logs_ANN/salida_pr04_7
../GA ../Data/DataFiles/pr04 858 1.007752 0.57907796 0.45727405 8 1.6605983 121.76236 0.11090964 0.8150236 0.49260482 0.57929593 0.16788042 781 129 > logs_ANN/salida_pr04_8
../GA ../Data/DataFiles/pr04 159 1.007752 0.57907796 0.45727405 8 1.6605983 121.76236 0.11090964 0.8150236 0.49260482 0.57929593 0.16788042 781 129 > logs_ANN/salida_pr04_9
../GA ../Data/DataFiles/pr05 913 0.9741701 0.46018532 0.6658384 5 1.51246 64.826744 1.6102704 0.87486154 0.3875565 0.6231703 0.15965734 100000 1 > logs_ANN/salida_pr05_0
../GA ../Data/DataFiles/pr05 673 0.9741701 0.46018532 0.6658384 5 1.51246 64.826744 1.6102704 0.87486154 0.3875565 0.6231703 0.15965734 100000 1 > logs_ANN/salida_pr05_1
../GA ../Data/DataFiles/pr05 691 0.9741701 0.46018532 0.6658384 5 1.51246 64.826744 1.6102704 0.87486154 0.3875565 0.6231703 0.15965734 100000 1 > logs_ANN/salida_pr05_2
../GA ../Data/DataFiles/pr05 808 0.9741701 0.46018532 0.6658384 5 1.51246 64.826744 1.6102704 0.87486154 0.3875565 0.6231703 0.15965734 100000 1 > logs_ANN/salida_pr05_3
../GA ../Data/DataFiles/pr05 961 0.9741701 0.46018532 0.6658384 5 1.51246 64.826744 1.6102704 0.87486154 0.3875565 0.6231703 0.15965734 100000 1 > logs_ANN/salida_pr05_4
../GA ../Data/DataFiles/pr05 779 0.9741701 0.46018532 0.6658384 5 1.51246 64.826744 1.6102704 0.87486154 0.3875565 0.6231703 0.15965734 100000 1 > logs_ANN/salida_pr05_5
../GA ../Data/DataFiles/pr05 548 0.9741701 0.46018532 0.6658384 5 1.51246 64.826744 1.6102704 0.87486154 0.3875565 0.6231703 0.15965734 100000 1 > logs_ANN/salida_pr05_6
../GA ../Data/DataFiles/pr05 155 0.9741701 0.46018532 0.6658384 5 1.51246 64.826744 1.6102704 0.87486154 0.3875565 0.6231703 0.15965734 100000 1 > logs_ANN/salida_pr05_7
../GA ../Data/DataFiles/pr05 834 0.9741701 0.46018532 0.6658384 5 1.51246 64.826744 1.6102704 0.87486154 0.3875565 0.6231703 0.15965734 100000 1 > logs_ANN/salida_pr05_8
../GA ../Data/DataFiles/pr05 542 0.9741701 0.46018532 0.6658384 5 1.51246 64.826744 1.6102704 0.87486154 0.3875565 0.6231703 0.15965734 100000 1 > logs_ANN/salida_pr05_9
../GA ../Data/DataFiles/pr06 1000 0.9755303 0.51489675 0.55274487 7 1.5386217 57.420296 4.42935 0.8000763 0.5211158 0.6126439 0.16444644 1852 55 > logs_ANN/salida_pr06_0
../GA ../Data/DataFiles/pr06 787 0.9755303 0.51489675 0.55274487 7 1.5386217 57.420296 4.42935 0.8000763 0.5211158 0.6126439 0.16444644 1852 55 > logs_ANN/salida_pr06_1
../GA ../Data/DataFiles/pr06 642 0.9755303 0.51489675 0.55274487 7 1.5386217 57.420296 4.42935 0.8000763 0.5211158 0.6126439 0.16444644 1852 55 > logs_ANN/salida_pr06_2
../GA ../Data/DataFiles/pr06 29 0.9755303 0.51489675 0.55274487 7 1.5386217 57.420296 4.42935 0.8000763 0.5211158 0.6126439 0.16444644 1852 55 > logs_ANN/salida_pr06_3
../GA ../Data/DataFiles/pr06 556 0.9755303 0.51489675 0.55274487 7 1.5386217 57.420296 4.42935 0.8000763 0.5211158 0.6126439 0.16444644 1852 55 > logs_ANN/salida_pr06_4
../GA ../Data/DataFiles/pr06 388 0.9755303 0.51489675 0.55274487 7 1.5386217 57.420296 4.42935 0.8000763 0.5211158 0.6126439 0.16444644 1852 55 > logs_ANN/salida_pr06_5
../GA ../Data/DataFiles/pr06 521 0.9755303 0.51489675 0.55274487 7 1.5386217 57.420296 4.42935 0.8000763 0.5211158 0.6126439 0.16444644 1852 55 > logs_ANN/salida_pr06_6
../GA ../Data/DataFiles/pr06 992 0.9755303 0.51489675 0.55274487 7 1.5386217 57.420296 4.42935 0.8000763 0.5211158 0.6126439 0.16444644 1852 55 > logs_ANN/salida_pr06_7
../GA ../Data/DataFiles/pr06 230 0.9755303 0.51489675 0.55274487 7 1.5386217 57.420296 4.42935 0.8000763 0.5211158 0.6126439 0.16444644 1852 55 > logs_ANN/salida_pr06_8
../GA ../Data/DataFiles/pr06 468 0.9755303 0.51489675 0.55274487 7 1.5386217 57.420296 4.42935 0.8000763 0.5211158 0.6126439 0.16444644 1852 55 > logs_ANN/salida_pr06_9
../GA ../Data/DataFiles/pr07 412 0.5676605 0.6273475 0.58300257 9 1.6362145 37.11831 7.6491704 0.8289935 0.81114316 0.3708544 0.12272496 392 255 > logs_ANN/salida_pr07_0
../GA ../Data/DataFiles/pr07 374 0.5676605 0.6273475 0.58300257 9 1.6362145 37.11831 7.6491704 0.8289935 0.81114316 0.3708544 0.12272496 392 255 > logs_ANN/salida_pr07_1
../GA ../Data/DataFiles/pr07 458 0.5676605 0.6273475 0.58300257 9 1.6362145 37.11831 7.6491704 0.8289935 0.81114316 0.3708544 0.12272496 392 255 > logs_ANN/salida_pr07_2
../GA ../Data/DataFiles/pr07 887 0.5676605 0.6273475 0.58300257 9 1.6362145 37.11831 7.6491704 0.8289935 0.81114316 0.3708544 0.12272496 392 255 > logs_ANN/salida_pr07_3
../GA ../Data/DataFiles/pr07 454 0.5676605 0.6273475 0.58300257 9 1.6362145 37.11831 7.6491704 0.8289935 0.81114316 0.3708544 0.12272496 392 255 > logs_ANN/salida_pr07_4
../GA ../Data/DataFiles/pr07 63 0.5676605 0.6273475 0.58300257 9 1.6362145 37.11831 7.6491704 0.8289935 0.81114316 0.3708544 0.12272496 392 255 > logs_ANN/salida_pr07_5
../GA ../Data/DataFiles/pr07 973 0.5676605 0.6273475 0.58300257 9 1.6362145 37.11831 7.6491704 0.8289935 0.81114316 0.3708544 0.12272496 392 255 > logs_ANN/salida_pr07_6
../GA ../Data/DataFiles/pr07 251 0.5676605 0.6273475 0.58300257 9 1.6362145 37.11831 7.6491704 0.8289935 0.81114316 0.3708544 0.12272496 392 255 > logs_ANN/salida_pr07_7
../GA ../Data/DataFiles/pr07 465 0.5676605 0.6273475 0.58300257 9 1.6362145 37.11831 7.6491704 0.8289935 0.81114316 0.3708544 0.12272496 392 255 > logs_ANN/salida_pr07_8
../GA ../Data/DataFiles/pr07 613 0.5676605 0.6273475 0.58300257 9 1.6362145 37.11831 7.6491704 0.8289935 0.81114316 0.3708544 0.12272496 392 255 > logs_ANN/salida_pr07_9
../GA ../Data/DataFiles/pr08 965 0.8933714 0.6179327 0.43394762 7 2.0344338 136.08463 3.1108637 0.81325895 0.5042466 0.54341006 0.13168119 813 123 > logs_ANN/salida_pr08_0
../GA ../Data/DataFiles/pr08 702 0.8933714 0.6179327 0.43394762 7 2.0344338 136.08463 3.1108637 0.81325895 0.5042466 0.54341006 0.13168119 813 123 > logs_ANN/salida_pr08_1
../GA ../Data/DataFiles/pr08 839 0.8933714 0.6179327 0.43394762 7 2.0344338 136.08463 3.1108637 0.81325895 0.5042466 0.54341006 0.13168119 813 123 > logs_ANN/salida_pr08_2
../GA ../Data/DataFiles/pr08 910 0.8933714 0.6179327 0.43394762 7 2.0344338 136.08463 3.1108637 0.81325895 0.5042466 0.54341006 0.13168119 813 123 > logs_ANN/salida_pr08_3
../GA ../Data/DataFiles/pr08 292 0.8933714 0.6179327 0.43394762 7 2.0344338 136.08463 3.1108637 0.81325895 0.5042466 0.54341006 0.13168119 813 123 > logs_ANN/salida_pr08_4
../GA ../Data/DataFiles/pr08 915 0.8933714 0.6179327 0.43394762 7 2.0344338 136.08463 3.1108637 0.81325895 0.5042466 0.54341006 0.13168119 813 123 > logs_ANN/salida_pr08_5
../GA ../Data/DataFiles/pr08 458 0.8933714 0.6179327 0.43394762 7 2.0344338 136.08463 3.1108637 0.81325895 0.5042466 0.54341006 0.13168119 813 123 > logs_ANN/salida_pr08_6
../GA ../Data/DataFiles/pr08 550 0.8933714 0.6179327 0.43394762 7 2.0344338 136.08463 3.1108637 0.81325895 0.5042466 0.54341006 0.13168119 813 123 > logs_ANN/salida_pr08_7
../GA ../Data/DataFiles/pr08 453 0.8933714 0.6179327 0.43394762 7 2.0344338 136.08463 3.1108637 0.81325895 0.5042466 0.54341006 0.13168119 813 123 > logs_ANN/salida_pr08_8
../GA ../Data/DataFiles/pr08 870 0.8933714 0.6179327 0.43394762 7 2.0344338 136.08463 3.1108637 0.81325895 0.5042466 0.54341006 0.13168119 813 123 > logs_ANN/salida_pr08_9
../GA ../Data/DataFiles/pr09 266 0.9375043 0.6268924 0.40918145 8 2.0215635 107.23506 0.9348133 0.7495282 0.5815989 0.5685647 0.14741926 33333 3 > logs_ANN/salida_pr09_0
../GA ../Data/DataFiles/pr09 177 0.9375043 0.6268924 0.40918145 8 2.0215635 107.23506 0.9348133 0.7495282 0.5815989 0.5685647 0.14741926 33333 3 > logs_ANN/salida_pr09_1
../GA ../Data/DataFiles/pr09 845 0.9375043 0.6268924 0.40918145 8 2.0215635 107.23506 0.9348133 0.7495282 0.5815989 0.5685647 0.14741926 33333 3 > logs_ANN/salida_pr09_2
../GA ../Data/DataFiles/pr09 332 0.9375043 0.6268924 0.40918145 8 2.0215635 107.23506 0.9348133 0.7495282 0.5815989 0.5685647 0.14741926 33333 3 > logs_ANN/salida_pr09_3
../GA ../Data/DataFiles/pr09 96 0.9375043 0.6268924 0.40918145 8 2.0215635 107.23506 0.9348133 0.7495282 0.5815989 0.5685647 0.14741926 33333 3 > logs_ANN/salida_pr09_4
../GA ../Data/DataFiles/pr09 547 0.9375043 0.6268924 0.40918145 8 2.0215635 107.23506 0.9348133 0.7495282 0.5815989 0.5685647 0.14741926 33333 3 > logs_ANN/salida_pr09_5
../GA ../Data/DataFiles/pr09 152 0.9375043 0.6268924 0.40918145 8 2.0215635 107.23506 0.9348133 0.7495282 0.5815989 0.5685647 0.14741926 33333 3 > logs_ANN/salida_pr09_6
../GA ../Data/DataFiles/pr09 218 0.9375043 0.6268924 0.40918145 8 2.0215635 107.23506 0.9348133 0.7495282 0.5815989 0.5685647 0.14741926 33333 3 > logs_ANN/salida_pr09_7
../GA ../Data/DataFiles/pr09 209 0.9375043 0.6268924 0.40918145 8 2.0215635 107.23506 0.9348133 0.7495282 0.5815989 0.5685647 0.14741926 33333 3 > logs_ANN/salida_pr09_8
../GA ../Data/DataFiles/pr09 248 0.9375043 0.6268924 0.40918145 8 2.0215635 107.23506 0.9348133 0.7495282 0.5815989 0.5685647 0.14741926 33333 3 > logs_ANN/salida_pr09_9
../GA ../Data/DataFiles/pr10 418 0.9619026 0.5823133 0.47843355 7 2.0761974 100.4055 0.29326895 0.7725237 0.5061876 0.60250294 0.14562759 25000 5 > logs_ANN/salida_pr10_0
../GA ../Data/DataFiles/pr10 794 0.9619026 0.5823133 0.47843355 7 2.0761974 100.4055 0.29326895 0.7725237 0.5061876 0.60250294 0.14562759 25000 5 > logs_ANN/salida_pr10_1
../GA ../Data/DataFiles/pr10 414 0.9619026 0.5823133 0.47843355 7 2.0761974 100.4055 0.29326895 0.7725237 0.5061876 0.60250294 0.14562759 25000 5 > logs_ANN/salida_pr10_2
../GA ../Data/DataFiles/pr10 870 0.9619026 0.5823133 0.47843355 7 2.0761974 100.4055 0.29326895 0.7725237 0.5061876 0.60250294 0.14562759 25000 5 > logs_ANN/salida_pr10_3
../GA ../Data/DataFiles/pr10 484 0.9619026 0.5823133 0.47843355 7 2.0761974 100.4055 0.29326895 0.7725237 0.5061876 0.60250294 0.14562759 25000 5 > logs_ANN/salida_pr10_4
../GA ../Data/DataFiles/pr10 487 0.9619026 0.5823133 0.47843355 7 2.0761974 100.4055 0.29326895 0.7725237 0.5061876 0.60250294 0.14562759 25000 5 > logs_ANN/salida_pr10_5
../GA ../Data/DataFiles/pr10 105 0.9619026 0.5823133 0.47843355 7 2.0761974 100.4055 0.29326895 0.7725237 0.5061876 0.60250294 0.14562759 25000 5 > logs_ANN/salida_pr10_6
../GA ../Data/DataFiles/pr10 918 0.9619026 0.5823133 0.47843355 7 2.0761974 100.4055 0.29326895 0.7725237 0.5061876 0.60250294 0.14562759 25000 5 > logs_ANN/salida_pr10_7
../GA ../Data/DataFiles/pr10 416 0.9619026 0.5823133 0.47843355 7 2.0761974 100.4055 0.29326895 0.7725237 0.5061876 0.60250294 0.14562759 25000 5 > logs_ANN/salida_pr10_8
../GA ../Data/DataFiles/pr10 915 0.9619026 0.5823133 0.47843355 7 2.0761974 100.4055 0.29326895 0.7725237 0.5061876 0.60250294 0.14562759 25000 5 > logs_ANN/salida_pr10_9
../GA ../Data/DataFiles/p01 40 0.84725606 0.5874967 0.7420975 3 1.9509304 125.37185 2.2277465 0.9054885 0.40649667 0.5351457 0.08174537 1102 551 > logs_ANN/salida_p01_0
../GA ../Data/DataFiles/p01 139 0.84725606 0.5874967 0.7420975 3 1.9509304 125.37185 2.2277465 0.9054885 0.40649667 0.5351457 0.08174537 1102 551 > logs_ANN/salida_p01_1
../GA ../Data/DataFiles/p01 621 0.84725606 0.5874967 0.7420975 3 1.9509304 125.37185 2.2277465 0.9054885 0.40649667 0.5351457 0.08174537 1102 551 > logs_ANN/salida_p01_2
../GA ../Data/DataFiles/p01 969 0.84725606 0.5874967 0.7420975 3 1.9509304 125.37185 2.2277465 0.9054885 0.40649667 0.5351457 0.08174537 1102 551 > logs_ANN/salida_p01_3
../GA ../Data/DataFiles/p01 545 0.84725606 0.5874967 0.7420975 3 1.9509304 125.37185 2.2277465 0.9054885 0.40649667 0.5351457 0.08174537 1102 551 > logs_ANN/salida_p01_4
../GA ../Data/DataFiles/p01 783 0.84725606 0.5874967 0.7420975 3 1.9509304 125.37185 2.2277465 0.9054885 0.40649667 0.5351457 0.08174537 1102 551 > logs_ANN/salida_p01_5
../GA ../Data/DataFiles/p01 507 0.84725606 0.5874967 0.7420975 3 1.9509304 125.37185 2.2277465 0.9054885 0.40649667 0.5351457 0.08174537 1102 551 > logs_ANN/salida_p01_6
../GA ../Data/DataFiles/p01 57 0.84725606 0.5874967 0.7420975 3 1.9509304 125.37185 2.2277465 0.9054885 0.40649667 0.5351457 0.08174537 1102 551 > logs_ANN/salida_p01_7
../GA ../Data/DataFiles/p01 506 0.84725606 0.5874967 0.7420975 3 1.9509304 125.37185 2.2277465 0.9054885 0.40649667 0.5351457 0.08174537 1102 551 > logs_ANN/salida_p01_8
../GA ../Data/DataFiles/p01 304 0.84725606 0.5874967 0.7420975 3 1.9509304 125.37185 2.2277465 0.9054885 0.40649667 0.5351457 0.08174537 1102 551 > logs_ANN/salida_p01_9
../GA ../Data/DataFiles/p02 413 0.967062 0.63416606 0.6122685 2 1.6037822 107.25144 0.17843793 0.8693617 0.6017465 0.45447037 0.13900264 763 132 > logs_ANN/salida_p02_0
../GA ../Data/DataFiles/p02 238 0.967062 0.63416606 0.6122685 2 1.6037822 107.25144 0.17843793 0.8693617 0.6017465 0.45447037 0.13900264 763 132 > logs_ANN/salida_p02_1
../GA ../Data/DataFiles/p02 666 0.967062 0.63416606 0.6122685 2 1.6037822 107.25144 0.17843793 0.8693617 0.6017465 0.45447037 0.13900264 763 132 > logs_ANN/salida_p02_2
../GA ../Data/DataFiles/p02 809 0.967062 0.63416606 0.6122685 2 1.6037822 107.25144 0.17843793 0.8693617 0.6017465 0.45447037 0.13900264 763 132 > logs_ANN/salida_p02_3
../GA ../Data/DataFiles/p02 4 0.967062 0.63416606 0.6122685 2 1.6037822 107.25144 0.17843793 0.8693617 0.6017465 0.45447037 0.13900264 763 132 > logs_ANN/salida_p02_4
../GA ../Data/DataFiles/p02 873 0.967062 0.63416606 0.6122685 2 1.6037822 107.25144 0.17843793 0.8693617 0.6017465 0.45447037 0.13900264 763 132 > logs_ANN/salida_p02_5
../GA ../Data/DataFiles/p02 575 0.967062 0.63416606 0.6122685 2 1.6037822 107.25144 0.17843793 0.8693617 0.6017465 0.45447037 0.13900264 763 132 > logs_ANN/salida_p02_6
../GA ../Data/DataFiles/p02 12 0.967062 0.63416606 0.6122685 2 1.6037822 107.25144 0.17843793 0.8693617 0.6017465 0.45447037 0.13900264 763 132 > logs_ANN/salida_p02_7
../GA ../Data/DataFiles/p02 869 0.967062 0.63416606 0.6122685 2 1.6037822 107.25144 0.17843793 0.8693617 0.6017465 0.45447037 0.13900264 763 132 > logs_ANN/salida_p02_8
../GA ../Data/DataFiles/p02 766 0.967062 0.63416606 0.6122685 2 1.6037822 107.25144 0.17843793 0.8693617 0.6017465 0.45447037 0.13900264 763 132 > logs_ANN/salida_p02_9
../GA ../Data/DataFiles/p03 26 0.9605877 0.6211816 0.6834972 3 1.6511463 64.71694 7.1173463 0.83467466 0.69146025 0.43366757 0.16775842 412 243 > logs_ANN/salida_p03_0
../GA ../Data/DataFiles/p03 913 0.9605877 0.6211816 0.6834972 3 1.6511463 64.71694 7.1173463 0.83467466 0.69146025 0.43366757 0.16775842 412 243 > logs_ANN/salida_p03_1
../GA ../Data/DataFiles/p03 786 0.9605877 0.6211816 0.6834972 3 1.6511463 64.71694 7.1173463 0.83467466 0.69146025 0.43366757 0.16775842 412 243 > logs_ANN/salida_p03_2
../GA ../Data/DataFiles/p03 240 0.9605877 0.6211816 0.6834972 3 1.6511463 64.71694 7.1173463 0.83467466 0.69146025 0.43366757 0.16775842 412 243 > logs_ANN/salida_p03_3
../GA ../Data/DataFiles/p03 520 0.9605877 0.6211816 0.6834972 3 1.6511463 64.71694 7.1173463 0.83467466 0.69146025 0.43366757 0.16775842 412 243 > logs_ANN/salida_p03_4
../GA ../Data/DataFiles/p03 334 0.9605877 0.6211816 0.6834972 3 1.6511463 64.71694 7.1173463 0.83467466 0.69146025 0.43366757 0.16775842 412 243 > logs_ANN/salida_p03_5
../GA ../Data/DataFiles/p03 460 0.9605877 0.6211816 0.6834972 3 1.6511463 64.71694 7.1173463 0.83467466 0.69146025 0.43366757 0.16775842 412 243 > logs_ANN/salida_p03_6
../GA ../Data/DataFiles/p03 267 0.9605877 0.6211816 0.6834972 3 1.6511463 64.71694 7.1173463 0.83467466 0.69146025 0.43366757 0.16775842 412 243 > logs_ANN/salida_p03_7
../GA ../Data/DataFiles/p03 145 0.9605877 0.6211816 0.6834972 3 1.6511463 64.71694 7.1173463 0.83467466 0.69146025 0.43366757 0.16775842 412 243 > logs_ANN/salida_p03_8
../GA ../Data/DataFiles/p03 396 0.9605877 0.6211816 0.6834972 3 1.6511463 64.71694 7.1173463 0.83467466 0.69146025 0.43366757 0.16775842 412 243 > logs_ANN/salida_p03_9
../GA ../Data/DataFiles/p04 211 0.9902546 0.52212304 0.7590482 1 1.321501 26.25489 6.4453425 0.83312 0.6084548 0.6160808 0.13528849 1538 66 > logs_ANN/salida_p04_0
../GA ../Data/DataFiles/p04 883 0.9902546 0.52212304 0.7590482 1 1.321501 26.25489 6.4453425 0.83312 0.6084548 0.6160808 0.13528849 1538 66 > logs_ANN/salida_p04_1
../GA ../Data/DataFiles/p04 197 0.9902546 0.52212304 0.7590482 1 1.321501 26.25489 6.4453425 0.83312 0.6084548 0.6160808 0.13528849 1538 66 > logs_ANN/salida_p04_2
../GA ../Data/DataFiles/p04 52 0.9902546 0.52212304 0.7590482 1 1.321501 26.25489 6.4453425 0.83312 0.6084548 0.6160808 0.13528849 1538 66 > logs_ANN/salida_p04_3
../GA ../Data/DataFiles/p04 512 0.9902546 0.52212304 0.7590482 1 1.321501 26.25489 6.4453425 0.83312 0.6084548 0.6160808 0.13528849 1538 66 > logs_ANN/salida_p04_4
../GA ../Data/DataFiles/p04 783 0.9902546 0.52212304 0.7590482 1 1.321501 26.25489 6.4453425 0.83312 0.6084548 0.6160808 0.13528849 1538 66 > logs_ANN/salida_p04_5
../GA ../Data/DataFiles/p04 844 0.9902546 0.52212304 0.7590482 1 1.321501 26.25489 6.4453425 0.83312 0.6084548 0.6160808 0.13528849 1538 66 > logs_ANN/salida_p04_6
../GA ../Data/DataFiles/p04 938 0.9902546 0.52212304 0.7590482 1 1.321501 26.25489 6.4453425 0.83312 0.6084548 0.6160808 0.13528849 1538 66 > logs_ANN/salida_p04_7
../GA ../Data/DataFiles/p04 330 0.9902546 0.52212304 0.7590482 1 1.321501 26.25489 6.4453425 0.83312 0.6084548 0.6160808 0.13528849 1538 66 > logs_ANN/salida_p04_8
../GA ../Data/DataFiles/p04 356 0.9902546 0.52212304 0.7590482 1 1.321501 26.25489 6.4453425 0.83312 0.6084548 0.6160808 0.13528849 1538 66 > logs_ANN/salida_p04_9
../GA ../Data/DataFiles/p05 493 1.1249303 0.6327792 0.5130364 5 1.3907143 89.69861 5.951831 0.7894172 0.6859509 0.49897113 0.20863815 645 155 > logs_ANN/salida_p05_0
../GA ../Data/DataFiles/p05 787 1.1249303 0.6327792 0.5130364 5 1.3907143 89.69861 5.951831 0.7894172 0.6859509 0.49897113 0.20863815 645 155 > logs_ANN/salida_p05_1
../GA ../Data/DataFiles/p05 443 1.1249303 0.6327792 0.5130364 5 1.3907143 89.69861 5.951831 0.7894172 0.6859509 0.49897113 0.20863815 645 155 > logs_ANN/salida_p05_2
../GA ../Data/DataFiles/p05 675 1.1249303 0.6327792 0.5130364 5 1.3907143 89.69861 5.951831 0.7894172 0.6859509 0.49897113 0.20863815 645 155 > logs_ANN/salida_p05_3
../GA ../Data/DataFiles/p05 732 1.1249303 0.6327792 0.5130364 5 1.3907143 89.69861 5.951831 0.7894172 0.6859509 0.49897113 0.20863815 645 155 > logs_ANN/salida_p05_4
../GA ../Data/DataFiles/p05 647 1.1249303 0.6327792 0.5130364 5 1.3907143 89.69861 5.951831 0.7894172 0.6859509 0.49897113 0.20863815 645 155 > logs_ANN/salida_p05_5
../GA ../Data/DataFiles/p05 953 1.1249303 0.6327792 0.5130364 5 1.3907143 89.69861 5.951831 0.7894172 0.6859509 0.49897113 0.20863815 645 155 > logs_ANN/salida_p05_6
../GA ../Data/DataFiles/p05 598 1.1249303 0.6327792 0.5130364 5 1.3907143 89.69861 5.951831 0.7894172 0.6859509 0.49897113 0.20863815 645 155 > logs_ANN/salida_p05_7
../GA ../Data/DataFiles/p05 987 1.1249303 0.6327792 0.5130364 5 1.3907143 89.69861 5.951831 0.7894172 0.6859509 0.49897113 0.20863815 645 155 > logs_ANN/salida_p05_8
../GA ../Data/DataFiles/p05 624 1.1249303 0.6327792 0.5130364 5 1.3907143 89.69861 5.951831 0.7894172 0.6859509 0.49897113 0.20863815 645 155 > logs_ANN/salida_p05_9
../GA ../Data/DataFiles/p06 152 1.0356038 0.6023727 0.6298866 4 1.5778755 88.579094 5.321627 0.81188095 0.5641469 0.54375553 0.16098398 362 276 > logs_ANN/salida_p06_0
../GA ../Data/DataFiles/p06 607 1.0356038 0.6023727 0.6298866 4 1.5778755 88.579094 5.321627 0.81188095 0.5641469 0.54375553 0.16098398 362 276 > logs_ANN/salida_p06_1
../GA ../Data/DataFiles/p06 108 1.0356038 0.6023727 0.6298866 4 1.5778755 88.579094 5.321627 0.81188095 0.5641469 0.54375553 0.16098398 362 276 > logs_ANN/salida_p06_2
../GA ../Data/DataFiles/p06 975 1.0356038 0.6023727 0.6298866 4 1.5778755 88.579094 5.321627 0.81188095 0.5641469 0.54375553 0.16098398 362 276 > logs_ANN/salida_p06_3
../GA ../Data/DataFiles/p06 814 1.0356038 0.6023727 0.6298866 4 1.5778755 88.579094 5.321627 0.81188095 0.5641469 0.54375553 0.16098398 362 276 > logs_ANN/salida_p06_4
../GA ../Data/DataFiles/p06 202 1.0356038 0.6023727 0.6298866 4 1.5778755 88.579094 5.321627 0.81188095 0.5641469 0.54375553 0.16098398 362 276 > logs_ANN/salida_p06_5
../GA ../Data/DataFiles/p06 938 1.0356038 0.6023727 0.6298866 4 1.5778755 88.579094 5.321627 0.81188095 0.5641469 0.54375553 0.16098398 362 276 > logs_ANN/salida_p06_6
../GA ../Data/DataFiles/p06 19 1.0356038 0.6023727 0.6298866 4 1.5778755 88.579094 5.321627 0.81188095 0.5641469 0.54375553 0.16098398 362 276 > logs_ANN/salida_p06_7
../GA ../Data/DataFiles/p06 964 1.0356038 0.6023727 0.6298866 4 1.5778755 88.579094 5.321627 0.81188095 0.5641469 0.54375553 0.16098398 362 276 > logs_ANN/salida_p06_8
../GA ../Data/DataFiles/p06 861 1.0356038 0.6023727 0.6298866 4 1.5778755 88.579094 5.321627 0.81188095 0.5641469 0.54375553 0.16098398 362 276 > logs_ANN/salida_p06_9
../GA ../Data/DataFiles/p07 747 0.9846943 0.5712342 0.70192105 3 1.6600311 64.24426 5.1061864 0.80822265 0.56685424 0.577359 0.14243315 467 214 > logs_ANN/salida_p07_0
../GA ../Data/DataFiles/p07 290 0.9846943 0.5712342 0.70192105 3 1.6600311 64.24426 5.1061864 0.80822265 0.56685424 0.577359 0.14243315 467 214 > logs_ANN/salida_p07_1
../GA ../Data/DataFiles/p07 882 0.9846943 0.5712342 0.70192105 3 1.6600311 64.24426 5.1061864 0.80822265 0.56685424 0.577359 0.14243315 467 214 > logs_ANN/salida_p07_2
../GA ../Data/DataFiles/p07 732 0.9846943 0.5712342 0.70192105 3 1.6600311 64.24426 5.1061864 0.80822265 0.56685424 0.577359 0.14243315 467 214 > logs_ANN/salida_p07_3
../GA ../Data/DataFiles/p07 985 0.9846943 0.5712342 0.70192105 3 1.6600311 64.24426 5.1061864 0.80822265 0.56685424 0.577359 0.14243315 467 214 > logs_ANN/salida_p07_4
../GA ../Data/DataFiles/p07 389 0.9846943 0.5712342 0.70192105 3 1.6600311 64.24426 5.1061864 0.80822265 0.56685424 0.577359 0.14243315 467 214 > logs_ANN/salida_p07_5
../GA ../Data/DataFiles/p07 770 0.9846943 0.5712342 0.70192105 3 1.6600311 64.24426 5.1061864 0.80822265 0.56685424 0.577359 0.14243315 467 214 > logs_ANN/salida_p07_6
../GA ../Data/DataFiles/p07 920 0.9846943 0.5712342 0.70192105 3 1.6600311 64.24426 5.1061864 0.80822265 0.56685424 0.577359 0.14243315 467 214 > logs_ANN/salida_p07_7
../GA ../Data/DataFiles/p07 310 0.9846943 0.5712342 0.70192105 3 1.6600311 64.24426 5.1061864 0.80822265 0.56685424 0.577359 0.14243315 467 214 > logs_ANN/salida_p07_8
../GA ../Data/DataFiles/p07 872 0.9846943 0.5712342 0.70192105 3 1.6600311 64.24426 5.1061864 0.80822265 0.56685424 0.577359 0.14243315 467 214 > logs_ANN/salida_p07_9
../GA ../Data/DataFiles/p08 195 0.8941752 0.70749944 0.26273784 10 1.8221587 78.27068 1.5161464 0.70653045 0.7678938 0.6106919 0.11279931 1163 86 > logs_ANN/salida_p08_0
../GA ../Data/DataFiles/p08 230 0.8941752 0.70749944 0.26273784 10 1.8221587 78.27068 1.5161464 0.70653045 0.7678938 0.6106919 0.11279931 1163 86 > logs_ANN/salida_p08_1
../GA ../Data/DataFiles/p08 831 0.8941752 0.70749944 0.26273784 10 1.8221587 78.27068 1.5161464 0.70653045 0.7678938 0.6106919 0.11279931 1163 86 > logs_ANN/salida_p08_2
../GA ../Data/DataFiles/p08 952 0.8941752 0.70749944 0.26273784 10 1.8221587 78.27068 1.5161464 0.70653045 0.7678938 0.6106919 0.11279931 1163 86 > logs_ANN/salida_p08_3
../GA ../Data/DataFiles/p08 78 0.8941752 0.70749944 0.26273784 10 1.8221587 78.27068 1.5161464 0.70653045 0.7678938 0.6106919 0.11279931 1163 86 > logs_ANN/salida_p08_4
../GA ../Data/DataFiles/p08 294 0.8941752 0.70749944 0.26273784 10 1.8221587 78.27068 1.5161464 0.70653045 0.7678938 0.6106919 0.11279931 1163 86 > logs_ANN/salida_p08_5
../GA ../Data/DataFiles/p08 460 0.8941752 0.70749944 0.26273784 10 1.8221587 78.27068 1.5161464 0.70653045 0.7678938 0.6106919 0.11279931 1163 86 > logs_ANN/salida_p08_6
../GA ../Data/DataFiles/p08 161 0.8941752 0.70749944 0.26273784 10 1.8221587 78.27068 1.5161464 0.70653045 0.7678938 0.6106919 0.11279931 1163 86 > logs_ANN/salida_p08_7
../GA ../Data/DataFiles/p08 345 0.8941752 0.70749944 0.26273784 10 1.8221587 78.27068 1.5161464 0.70653045 0.7678938 0.6106919 0.11279931 1163 86 > logs_ANN/salida_p08_8
../GA ../Data/DataFiles/p08 634 0.8941752 0.70749944 0.26273784 10 1.8221587 78.27068 1.5161464 0.70653045 0.7678938 0.6106919 0.11279931 1163 86 > logs_ANN/salida_p08_9
../GA ../Data/DataFiles/p09 677 0.9337331 0.835725 0.10869355 12 1.9677505 121.32814 2.1124306 0.66260797 0.8490026 0.5471272 0.12053848 1587 63 > logs_ANN/salida_p09_0
../GA ../Data/DataFiles/p09 13 0.9337331 0.835725 0.10869355 12 1.9677505 121.32814 2.1124306 0.66260797 0.8490026 0.5471272 0.12053848 1587 63 > logs_ANN/salida_p09_1
../GA ../Data/DataFiles/p09 106 0.9337331 0.835725 0.10869355 12 1.9677505 121.32814 2.1124306 0.66260797 0.8490026 0.5471272 0.12053848 1587 63 > logs_ANN/salida_p09_2
../GA ../Data/DataFiles/p09 116 0.9337331 0.835725 0.10869355 12 1.9677505 121.32814 2.1124306 0.66260797 0.8490026 0.5471272 0.12053848 1587 63 > logs_ANN/salida_p09_3
../GA ../Data/DataFiles/p09 802 0.9337331 0.835725 0.10869355 12 1.9677505 121.32814 2.1124306 0.66260797 0.8490026 0.5471272 0.12053848 1587 63 > logs_ANN/salida_p09_4
../GA ../Data/DataFiles/p09 121 0.9337331 0.835725 0.10869355 12 1.9677505 121.32814 2.1124306 0.66260797 0.8490026 0.5471272 0.12053848 1587 63 > logs_ANN/salida_p09_5
../GA ../Data/DataFiles/p09 442 0.9337331 0.835725 0.10869355 12 1.9677505 121.32814 2.1124306 0.66260797 0.8490026 0.5471272 0.12053848 1587 63 > logs_ANN/salida_p09_6
../GA ../Data/DataFiles/p09 786 0.9337331 0.835725 0.10869355 12 1.9677505 121.32814 2.1124306 0.66260797 0.8490026 0.5471272 0.12053848 1587 63 > logs_ANN/salida_p09_7
../GA ../Data/DataFiles/p09 970 0.9337331 0.835725 0.10869355 12 1.9677505 121.32814 2.1124306 0.66260797 0.8490026 0.5471272 0.12053848 1587 63 > logs_ANN/salida_p09_8
../GA ../Data/DataFiles/p09 195 0.9337331 0.835725 0.10869355 12 1.9677505 121.32814 2.1124306 0.66260797 0.8490026 0.5471272 0.12053848 1587 63 > logs_ANN/salida_p09_9
../GA ../Data/DataFiles/p10 746 0.9030285 0.8225523 0.16329567 10 2.0406637 104.61739 2.286325 0.65927553 0.8756794 0.54828745 0.10647095 2381 42 > logs_ANN/salida_p10_0
../GA ../Data/DataFiles/p10 324 0.9030285 0.8225523 0.16329567 10 2.0406637 104.61739 2.286325 0.65927553 0.8756794 0.54828745 0.10647095 2381 42 > logs_ANN/salida_p10_1
../GA ../Data/DataFiles/p10 208 0.9030285 0.8225523 0.16329567 10 2.0406637 104.61739 2.286325 0.65927553 0.8756794 0.54828745 0.10647095 2381 42 > logs_ANN/salida_p10_2
../GA ../Data/DataFiles/p10 678 0.9030285 0.8225523 0.16329567 10 2.0406637 104.61739 2.286325 0.65927553 0.8756794 0.54828745 0.10647095 2381 42 > logs_ANN/salida_p10_3
../GA ../Data/DataFiles/p10 45 0.9030285 0.8225523 0.16329567 10 2.0406637 104.61739 2.286325 0.65927553 0.8756794 0.54828745 0.10647095 2381 42 > logs_ANN/salida_p10_4
../GA ../Data/DataFiles/p10 118 0.9030285 0.8225523 0.16329567 10 2.0406637 104.61739 2.286325 0.65927553 0.8756794 0.54828745 0.10647095 2381 42 > logs_ANN/salida_p10_5
../GA ../Data/DataFiles/p10 556 0.9030285 0.8225523 0.16329567 10 2.0406637 104.61739 2.286325 0.65927553 0.8756794 0.54828745 0.10647095 2381 42 > logs_ANN/salida_p10_6
../GA ../Data/DataFiles/p10 10 0.9030285 0.8225523 0.16329567 10 2.0406637 104.61739 2.286325 0.65927553 0.8756794 0.54828745 0.10647095 2381 42 > logs_ANN/salida_p10_7
../GA ../Data/DataFiles/p10 673 0.9030285 0.8225523 0.16329567 10 2.0406637 104.61739 2.286325 0.65927553 0.8756794 0.54828745 0.10647095 2381 42 > logs_ANN/salida_p10_8
../GA ../Data/DataFiles/p10 886 0.9030285 0.8225523 0.16329567 10 2.0406637 104.61739 2.286325 0.65927553 0.8756794 0.54828745 0.10647095 2381 42 > logs_ANN/salida_p10_9
../GA ../Data/DataFiles/p11 400 0.8896721 0.8285786 0.17010508 10 2.1544013 113.59563 2.2720163 0.662636 0.8920375 0.5334908 0.10656574 1429 70 > logs_ANN/salida_p11_0
../GA ../Data/DataFiles/p11 13 0.8896721 0.8285786 0.17010508 10 2.1544013 113.59563 2.2720163 0.662636 0.8920375 0.5334908 0.10656574 1429 70 > logs_ANN/salida_p11_1
../GA ../Data/DataFiles/p11 160 0.8896721 0.8285786 0.17010508 10 2.1544013 113.59563 2.2720163 0.662636 0.8920375 0.5334908 0.10656574 1429 70 > logs_ANN/salida_p11_2
../GA ../Data/DataFiles/p11 43 0.8896721 0.8285786 0.17010508 10 2.1544013 113.59563 2.2720163 0.662636 0.8920375 0.5334908 0.10656574 1429 70 > logs_ANN/salida_p11_3
../GA ../Data/DataFiles/p11 983 0.8896721 0.8285786 0.17010508 10 2.1544013 113.59563 2.2720163 0.662636 0.8920375 0.5334908 0.10656574 1429 70 > logs_ANN/salida_p11_4
../GA ../Data/DataFiles/p11 368 0.8896721 0.8285786 0.17010508 10 2.1544013 113.59563 2.2720163 0.662636 0.8920375 0.5334908 0.10656574 1429 70 > logs_ANN/salida_p11_5
../GA ../Data/DataFiles/p11 822 0.8896721 0.8285786 0.17010508 10 2.1544013 113.59563 2.2720163 0.662636 0.8920375 0.5334908 0.10656574 1429 70 > logs_ANN/salida_p11_6
../GA ../Data/DataFiles/p11 709 0.8896721 0.8285786 0.17010508 10 2.1544013 113.59563 2.2720163 0.662636 0.8920375 0.5334908 0.10656574 1429 70 > logs_ANN/salida_p11_7
../GA ../Data/DataFiles/p11 867 0.8896721 0.8285786 0.17010508 10 2.1544013 113.59563 2.2720163 0.662636 0.8920375 0.5334908 0.10656574 1429 70 > logs_ANN/salida_p11_8
../GA ../Data/DataFiles/p11 632 0.8896721 0.8285786 0.17010508 10 2.1544013 113.59563 2.2720163 0.662636 0.8920375 0.5334908 0.10656574 1429 70 > logs_ANN/salida_p11_9
../GA ../Data/DataFiles/p12 384 0.86445045 0.25913274 0.64550674 3 1.6190368 88.70748 0.68907696 0.88372916 0.29465413 0.5026749 0.10913245 1576 788 > logs_ANN/salida_p12_0
../GA ../Data/DataFiles/p12 800 0.86445045 0.25913274 0.64550674 3 1.6190368 88.70748 0.68907696 0.88372916 0.29465413 0.5026749 0.10913245 1576 788 > logs_ANN/salida_p12_1
../GA ../Data/DataFiles/p12 824 0.86445045 0.25913274 0.64550674 3 1.6190368 88.70748 0.68907696 0.88372916 0.29465413 0.5026749 0.10913245 1576 788 > logs_ANN/salida_p12_2
../GA ../Data/DataFiles/p12 508 0.86445045 0.25913274 0.64550674 3 1.6190368 88.70748 0.68907696 0.88372916 0.29465413 0.5026749 0.10913245 1576 788 > logs_ANN/salida_p12_3
../GA ../Data/DataFiles/p12 651 0.86445045 0.25913274 0.64550674 3 1.6190368 88.70748 0.68907696 0.88372916 0.29465413 0.5026749 0.10913245 1576 788 > logs_ANN/salida_p12_4
../GA ../Data/DataFiles/p12 884 0.86445045 0.25913274 0.64550674 3 1.6190368 88.70748 0.68907696 0.88372916 0.29465413 0.5026749 0.10913245 1576 788 > logs_ANN/salida_p12_5
../GA ../Data/DataFiles/p12 667 0.86445045 0.25913274 0.64550674 3 1.6190368 88.70748 0.68907696 0.88372916 0.29465413 0.5026749 0.10913245 1576 788 > logs_ANN/salida_p12_6
../GA ../Data/DataFiles/p12 417 0.86445045 0.25913274 0.64550674 3 1.6190368 88.70748 0.68907696 0.88372916 0.29465413 0.5026749 0.10913245 1576 788 > logs_ANN/salida_p12_7
../GA ../Data/DataFiles/p12 149 0.86445045 0.25913274 0.64550674 3 1.6190368 88.70748 0.68907696 0.88372916 0.29465413 0.5026749 0.10913245 1576 788 > logs_ANN/salida_p12_8
../GA ../Data/DataFiles/p12 841 0.86445045 0.25913274 0.64550674 3 1.6190368 88.70748 0.68907696 0.88372916 0.29465413 0.5026749 0.10913245 1576 788 > logs_ANN/salida_p12_9
../GA ../Data/DataFiles/p13 219 0.86445045 0.25913274 0.64550674 3 1.6190368 88.70748 0.68907696 0.88372916 0.29465413 0.5026749 0.10913245 1576 788 > logs_ANN/salida_p13_0
../GA ../Data/DataFiles/p13 671 0.86445045 0.25913274 0.64550674 3 1.6190368 88.70748 0.68907696 0.88372916 0.29465413 0.5026749 0.10913245 1576 788 > logs_ANN/salida_p13_1
../GA ../Data/DataFiles/p13 633 0.86445045 0.25913274 0.64550674 3 1.6190368 88.70748 0.68907696 0.88372916 0.29465413 0.5026749 0.10913245 1576 788 > logs_ANN/salida_p13_2
../GA ../Data/DataFiles/p13 135 0.86445045 0.25913274 0.64550674 3 1.6190368 88.70748 0.68907696 0.88372916 0.29465413 0.5026749 0.10913245 1576 788 > logs_ANN/salida_p13_3
../GA ../Data/DataFiles/p13 572 0.86445045 0.25913274 0.64550674 3 1.6190368 88.70748 0.68907696 0.88372916 0.29465413 0.5026749 0.10913245 1576 788 > logs_ANN/salida_p13_4
../GA ../Data/DataFiles/p13 243 0.86445045 0.25913274 0.64550674 3 1.6190368 88.70748 0.68907696 0.88372916 0.29465413 0.5026749 0.10913245 1576 788 > logs_ANN/salida_p13_5
../GA ../Data/DataFiles/p13 947 0.86445045 0.25913274 0.64550674 3 1.6190368 88.70748 0.68907696 0.88372916 0.29465413 0.5026749 0.10913245 1576 788 > logs_ANN/salida_p13_6
../GA ../Data/DataFiles/p13 979 0.86445045 0.25913274 0.64550674 3 1.6190368 88.70748 0.68907696 0.88372916 0.29465413 0.5026749 0.10913245 1576 788 > logs_ANN/salida_p13_7
../GA ../Data/DataFiles/p13 317 0.86445045 0.25913274 0.64550674 3 1.6190368 88.70748 0.68907696 0.88372916 0.29465413 0.5026749 0.10913245 1576 788 > logs_ANN/salida_p13_8
../GA ../Data/DataFiles/p13 659 0.86445045 0.25913274 0.64550674 3 1.6190368 88.70748 0.68907696 0.88372916 0.29465413 0.5026749 0.10913245 1576 788 > logs_ANN/salida_p13_9
../GA ../Data/DataFiles/p14 903 0.86445045 0.25913274 0.64550674 3 1.6190368 88.70748 0.68907696 0.88372916 0.29465413 0.5026749 0.10913245 1576 788 > logs_ANN/salida_p14_0
../GA ../Data/DataFiles/p14 485 0.86445045 0.25913274 0.64550674 3 1.6190368 88.70748 0.68907696 0.88372916 0.29465413 0.5026749 0.10913245 1576 788 > logs_ANN/salida_p14_1
../GA ../Data/DataFiles/p14 951 0.86445045 0.25913274 0.64550674 3 1.6190368 88.70748 0.68907696 0.88372916 0.29465413 0.5026749 0.10913245 1576 788 > logs_ANN/salida_p14_2
../GA ../Data/DataFiles/p14 221 0.86445045 0.25913274 0.64550674 3 1.6190368 88.70748 0.68907696 0.88372916 0.29465413 0.5026749 0.10913245 1576 788 > logs_ANN/salida_p14_3
../GA ../Data/DataFiles/p14 973 0.86445045 0.25913274 0.64550674 3 1.6190368 88.70748 0.68907696 0.88372916 0.29465413 0.5026749 0.10913245 1576 788 > logs_ANN/salida_p14_4
../GA ../Data/DataFiles/p14 505 0.86445045 0.25913274 0.64550674 3 1.6190368 88.70748 0.68907696 0.88372916 0.29465413 0.5026749 0.10913245 1576 788 > logs_ANN/salida_p14_5
../GA ../Data/DataFiles/p14 658 0.86445045 0.25913274 0.64550674 3 1.6190368 88.70748 0.68907696 0.88372916 0.29465413 0.5026749 0.10913245 1576 788 > logs_ANN/salida_p14_6
../GA ../Data/DataFiles/p14 866 0.86445045 0.25913274 0.64550674 3 1.6190368 88.70748 0.68907696 0.88372916 0.29465413 0.5026749 0.10913245 1576 788 > logs_ANN/salida_p14_7
../GA ../Data/DataFiles/p14 302 0.86445045 0.25913274 0.64550674 3 1.6190368 88.70748 0.68907696 0.88372916 0.29465413 0.5026749 0.10913245 1576 788 > logs_ANN/salida_p14_8
../GA ../Data/DataFiles/p14 599 0.86445045 0.25913274 0.64550674 3 1.6190368 88.70748 0.68907696 0.88372916 0.29465413 0.5026749 0.10913245 1576 788 > logs_ANN/salida_p14_9
../GA ../Data/DataFiles/p15 675 0.953757 0.31950015 0.6355834 3 1.1685941 136.81638 0.31054363 0.9476279 0.3314982 0.44628453 0.1345651 817 409 > logs_ANN/salida_p15_0
../GA ../Data/DataFiles/p15 301 0.953757 0.31950015 0.6355834 3 1.1685941 136.81638 0.31054363 0.9476279 0.3314982 0.44628453 0.1345651 817 409 > logs_ANN/salida_p15_1
../GA ../Data/DataFiles/p15 103 0.953757 0.31950015 0.6355834 3 1.1685941 136.81638 0.31054363 0.9476279 0.3314982 0.44628453 0.1345651 817 409 > logs_ANN/salida_p15_2
../GA ../Data/DataFiles/p15 82 0.953757 0.31950015 0.6355834 3 1.1685941 136.81638 0.31054363 0.9476279 0.3314982 0.44628453 0.1345651 817 409 > logs_ANN/salida_p15_3
../GA ../Data/DataFiles/p15 793 0.953757 0.31950015 0.6355834 3 1.1685941 136.81638 0.31054363 0.9476279 0.3314982 0.44628453 0.1345651 817 409 > logs_ANN/salida_p15_4
../GA ../Data/DataFiles/p15 303 0.953757 0.31950015 0.6355834 3 1.1685941 136.81638 0.31054363 0.9476279 0.3314982 0.44628453 0.1345651 817 409 > logs_ANN/salida_p15_5
../GA ../Data/DataFiles/p15 345 0.953757 0.31950015 0.6355834 3 1.1685941 136.81638 0.31054363 0.9476279 0.3314982 0.44628453 0.1345651 817 409 > logs_ANN/salida_p15_6
../GA ../Data/DataFiles/p15 641 0.953757 0.31950015 0.6355834 3 1.1685941 136.81638 0.31054363 0.9476279 0.3314982 0.44628453 0.1345651 817 409 > logs_ANN/salida_p15_7
../GA ../Data/DataFiles/p15 549 0.953757 0.31950015 0.6355834 3 1.1685941 136.81638 0.31054363 0.9476279 0.3314982 0.44628453 0.1345651 817 409 > logs_ANN/salida_p15_8
../GA ../Data/DataFiles/p15 403 0.953757 0.31950015 0.6355834 3 1.1685941 136.81638 0.31054363 0.9476279 0.3314982 0.44628453 0.1345651 817 409 > logs_ANN/salida_p15_9
../GA ../Data/DataFiles/p16 218 0.953757 0.31950015 0.6355834 3 1.1685941 136.81638 0.31054363 0.9476279 0.3314982 0.44628453 0.1345651 817 409 > logs_ANN/salida_p16_0
../GA ../Data/DataFiles/p16 259 0.953757 0.31950015 0.6355834 3 1.1685941 136.81638 0.31054363 0.9476279 0.3314982 0.44628453 0.1345651 817 409 > logs_ANN/salida_p16_1
../GA ../Data/DataFiles/p16 851 0.953757 0.31950015 0.6355834 3 1.1685941 136.81638 0.31054363 0.9476279 0.3314982 0.44628453 0.1345651 817 409 > logs_ANN/salida_p16_2
../GA ../Data/DataFiles/p16 128 0.953757 0.31950015 0.6355834 3 1.1685941 136.81638 0.31054363 0.9476279 0.3314982 0.44628453 0.1345651 817 409 > logs_ANN/salida_p16_3
../GA ../Data/DataFiles/p16 356 0.953757 0.31950015 0.6355834 3 1.1685941 136.81638 0.31054363 0.9476279 0.3314982 0.44628453 0.1345651 817 409 > logs_ANN/salida_p16_4
../GA ../Data/DataFiles/p16 169 0.953757 0.31950015 0.6355834 3 1.1685941 136.81638 0.31054363 0.9476279 0.3314982 0.44628453 0.1345651 817 409 > logs_ANN/salida_p16_5
../GA ../Data/DataFiles/p16 706 0.953757 0.31950015 0.6355834 3 1.1685941 136.81638 0.31054363 0.9476279 0.3314982 0.44628453 0.1345651 817 409 > logs_ANN/salida_p16_6
../GA ../Data/DataFiles/p16 385 0.953757 0.31950015 0.6355834 3 1.1685941 136.81638 0.31054363 0.9476279 0.3314982 0.44628453 0.1345651 817 409 > logs_ANN/salida_p16_7
../GA ../Data/DataFiles/p16 203 0.953757 0.31950015 0.6355834 3 1.1685941 136.81638 0.31054363 0.9476279 0.3314982 0.44628453 0.1345651 817 409 > logs_ANN/salida_p16_8
../GA ../Data/DataFiles/p16 386 0.953757 0.31950015 0.6355834 3 1.1685941 136.81638 0.31054363 0.9476279 0.3314982 0.44628453 0.1345651 817 409 > logs_ANN/salida_p16_9
../GA ../Data/DataFiles/p17 739 0.953757 0.31950015 0.6355834 3 1.1685941 136.81638 0.31054363 0.9476279 0.3314982 0.44628453 0.1345651 817 409 > logs_ANN/salida_p17_0
../GA ../Data/DataFiles/p17 472 0.953757 0.31950015 0.6355834 3 1.1685941 136.81638 0.31054363 0.9476279 0.3314982 0.44628453 0.1345651 817 409 > logs_ANN/salida_p17_1
../GA ../Data/DataFiles/p17 107 0.953757 0.31950015 0.6355834 3 1.1685941 136.81638 0.31054363 0.9476279 0.3314982 0.44628453 0.1345651 817 409 > logs_ANN/salida_p17_2
../GA ../Data/DataFiles/p17 120 0.953757 0.31950015 0.6355834 3 1.1685941 136.81638 0.31054363 0.9476279 0.3314982 0.44628453 0.1345651 817 409 > logs_ANN/salida_p17_3
../GA ../Data/DataFiles/p17 982 0.953757 0.31950015 0.6355834 3 1.1685941 136.81638 0.31054363 0.9476279 0.3314982 0.44628453 0.1345651 817 409 > logs_ANN/salida_p17_4
../GA ../Data/DataFiles/p17 525 0.953757 0.31950015 0.6355834 3 1.1685941 136.81638 0.31054363 0.9476279 0.3314982 0.44628453 0.1345651 817 409 > logs_ANN/salida_p17_5
../GA ../Data/DataFiles/p17 419 0.953757 0.31950015 0.6355834 3 1.1685941 136.81638 0.31054363 0.9476279 0.3314982 0.44628453 0.1345651 817 409 > logs_ANN/salida_p17_6
../GA ../Data/DataFiles/p17 422 0.953757 0.31950015 0.6355834 3 1.1685941 136.81638 0.31054363 0.9476279 0.3314982 0.44628453 0.1345651 817 409 > logs_ANN/salida_p17_7
../GA ../Data/DataFiles/p17 164 0.953757 0.31950015 0.6355834 3 1.1685941 136.81638 0.31054363 0.9476279 0.3314982 0.44628453 0.1345651 817 409 > logs_ANN/salida_p17_8
../GA ../Data/DataFiles/p17 691 0.953757 0.31950015 0.6355834 3 1.1685941 136.81638 0.31054363 0.9476279 0.3314982 0.44628453 0.1345651 817 409 > logs_ANN/salida_p17_9
../GA ../Data/DataFiles/p18 322 0.8496256 0.39048913 0.62014556 3 1.4740738 114.5474 1.9385101 0.9217005 0.4506684 0.45090914 0.109544784 413 242 > logs_ANN/salida_p18_0
../GA ../Data/DataFiles/p18 177 0.8496256 0.39048913 0.62014556 3 1.4740738 114.5474 1.9385101 0.9217005 0.4506684 0.45090914 0.109544784 413 242 > logs_ANN/salida_p18_1
../GA ../Data/DataFiles/p18 40 0.8496256 0.39048913 0.62014556 3 1.4740738 114.5474 1.9385101 0.9217005 0.4506684 0.45090914 0.109544784 413 242 > logs_ANN/salida_p18_2
../GA ../Data/DataFiles/p18 888 0.8496256 0.39048913 0.62014556 3 1.4740738 114.5474 1.9385101 0.9217005 0.4506684 0.45090914 0.109544784 413 242 > logs_ANN/salida_p18_3
../GA ../Data/DataFiles/p18 966 0.8496256 0.39048913 0.62014556 3 1.4740738 114.5474 1.9385101 0.9217005 0.4506684 0.45090914 0.109544784 413 242 > logs_ANN/salida_p18_4
../GA ../Data/DataFiles/p18 804 0.8496256 0.39048913 0.62014556 3 1.4740738 114.5474 1.9385101 0.9217005 0.4506684 0.45090914 0.109544784 413 242 > logs_ANN/salida_p18_5
../GA ../Data/DataFiles/p18 718 0.8496256 0.39048913 0.62014556 3 1.4740738 114.5474 1.9385101 0.9217005 0.4506684 0.45090914 0.109544784 413 242 > logs_ANN/salida_p18_6
../GA ../Data/DataFiles/p18 616 0.8496256 0.39048913 0.62014556 3 1.4740738 114.5474 1.9385101 0.9217005 0.4506684 0.45090914 0.109544784 413 242 > logs_ANN/salida_p18_7
../GA ../Data/DataFiles/p18 345 0.8496256 0.39048913 0.62014556 3 1.4740738 114.5474 1.9385101 0.9217005 0.4506684 0.45090914 0.109544784 413 242 > logs_ANN/salida_p18_8
../GA ../Data/DataFiles/p18 593 0.8496256 0.39048913 0.62014556 3 1.4740738 114.5474 1.9385101 0.9217005 0.4506684 0.45090914 0.109544784 413 242 > logs_ANN/salida_p18_9
../GA ../Data/DataFiles/p19 846 0.8496256 0.39048913 0.62014556 3 1.4740738 114.5474 1.9385101 0.9217005 0.4506684 0.45090914 0.109544784 413 242 > logs_ANN/salida_p19_0
../GA ../Data/DataFiles/p19 416 0.8496256 0.39048913 0.62014556 3 1.4740738 114.5474 1.9385101 0.9217005 0.4506684 0.45090914 0.109544784 413 242 > logs_ANN/salida_p19_1
../GA ../Data/DataFiles/p19 849 0.8496256 0.39048913 0.62014556 3 1.4740738 114.5474 1.9385101 0.9217005 0.4506684 0.45090914 0.109544784 413 242 > logs_ANN/salida_p19_2
../GA ../Data/DataFiles/p19 834 0.8496256 0.39048913 0.62014556 3 1.4740738 114.5474 1.9385101 0.9217005 0.4506684 0.45090914 0.109544784 413 242 > logs_ANN/salida_p19_3
../GA ../Data/DataFiles/p19 850 0.8496256 0.39048913 0.62014556 3 1.4740738 114.5474 1.9385101 0.9217005 0.4506684 0.45090914 0.109544784 413 242 > logs_ANN/salida_p19_4
../GA ../Data/DataFiles/p19 754 0.8496256 0.39048913 0.62014556 3 1.4740738 114.5474 1.9385101 0.9217005 0.4506684 0.45090914 0.109544784 413 242 > logs_ANN/salida_p19_5
../GA ../Data/DataFiles/p19 585 0.8496256 0.39048913 0.62014556 3 1.4740738 114.5474 1.9385101 0.9217005 0.4506684 0.45090914 0.109544784 413 242 > logs_ANN/salida_p19_6
../GA ../Data/DataFiles/p19 278 0.8496256 0.39048913 0.62014556 3 1.4740738 114.5474 1.9385101 0.9217005 0.4506684 0.45090914 0.109544784 413 242 > logs_ANN/salida_p19_7
../GA ../Data/DataFiles/p19 534 0.8496256 0.39048913 0.62014556 3 1.4740738 114.5474 1.9385101 0.9217005 0.4506684 0.45090914 0.109544784 413 242 > logs_ANN/salida_p19_8
../GA ../Data/DataFiles/p19 888 0.8496256 0.39048913 0.62014556 3 1.4740738 114.5474 1.9385101 0.9217005 0.4506684 0.45090914 0.109544784 413 242 > logs_ANN/salida_p19_9
../GA ../Data/DataFiles/p20 335 0.8496256 0.39048913 0.62014556 3 1.4740738 114.5474 1.9385101 0.9217005 0.4506684 0.45090914 0.109544784 413 242 > logs_ANN/salida_p20_0
../GA ../Data/DataFiles/p20 656 0.8496256 0.39048913 0.62014556 3 1.4740738 114.5474 1.9385101 0.9217005 0.4506684 0.45090914 0.109544784 413 242 > logs_ANN/salida_p20_1
../GA ../Data/DataFiles/p20 862 0.8496256 0.39048913 0.62014556 3 1.4740738 114.5474 1.9385101 0.9217005 0.4506684 0.45090914 0.109544784 413 242 > logs_ANN/salida_p20_2
../GA ../Data/DataFiles/p20 483 0.8496256 0.39048913 0.62014556 3 1.4740738 114.5474 1.9385101 0.9217005 0.4506684 0.45090914 0.109544784 413 242 > logs_ANN/salida_p20_3
../GA ../Data/DataFiles/p20 300 0.8496256 0.39048913 0.62014556 3 1.4740738 114.5474 1.9385101 0.9217005 0.4506684 0.45090914 0.109544784 413 242 > logs_ANN/salida_p20_4
../GA ../Data/DataFiles/p20 643 0.8496256 0.39048913 0.62014556 3 1.4740738 114.5474 1.9385101 0.9217005 0.4506684 0.45090914 0.109544784 413 242 > logs_ANN/salida_p20_5
../GA ../Data/DataFiles/p20 46 0.8496256 0.39048913 0.62014556 3 1.4740738 114.5474 1.9385101 0.9217005 0.4506684 0.45090914 0.109544784 413 242 > logs_ANN/salida_p20_6
../GA ../Data/DataFiles/p20 907 0.8496256 0.39048913 0.62014556 3 1.4740738 114.5474 1.9385101 0.9217005 0.4506684 0.45090914 0.109544784 413 242 > logs_ANN/salida_p20_7
../GA ../Data/DataFiles/p20 472 0.8496256 0.39048913 0.62014556 3 1.4740738 114.5474 1.9385101 0.9217005 0.4506684 0.45090914 0.109544784 413 242 > logs_ANN/salida_p20_8
../GA ../Data/DataFiles/p20 942 0.8496256 0.39048913 0.62014556 3 1.4740738 114.5474 1.9385101 0.9217005 0.4506684 0.45090914 0.109544784 413 242 > logs_ANN/salida_p20_9
../GA ../Data/DataFiles/p21 767 0.694312 0.4547825 0.6272791 3 1.910284 65.57124 4.570181 0.8472352 0.6231506 0.49039677 0.07426491 870 116 > logs_ANN/salida_p21_0
../GA ../Data/DataFiles/p21 230 0.694312 0.4547825 0.6272791 3 1.910284 65.57124 4.570181 0.8472352 0.6231506 0.49039677 0.07426491 870 116 > logs_ANN/salida_p21_1
../GA ../Data/DataFiles/p21 665 0.694312 0.4547825 0.6272791 3 1.910284 65.57124 4.570181 0.8472352 0.6231506 0.49039677 0.07426491 870 116 > logs_ANN/salida_p21_2
../GA ../Data/DataFiles/p21 957 0.694312 0.4547825 0.6272791 3 1.910284 65.57124 4.570181 0.8472352 0.6231506 0.49039677 0.07426491 870 116 > logs_ANN/salida_p21_3
../GA ../Data/DataFiles/p21 110 0.694312 0.4547825 0.6272791 3 1.910284 65.57124 4.570181 0.8472352 0.6231506 0.49039677 0.07426491 870 116 > logs_ANN/salida_p21_4
../GA ../Data/DataFiles/p21 33 0.694312 0.4547825 0.6272791 3 1.910284 65.57124 4.570181 0.8472352 0.6231506 0.49039677 0.07426491 870 116 > logs_ANN/salida_p21_5
../GA ../Data/DataFiles/p21 456 0.694312 0.4547825 0.6272791 3 1.910284 65.57124 4.570181 0.8472352 0.6231506 0.49039677 0.07426491 870 116 > logs_ANN/salida_p21_6
../GA ../Data/DataFiles/p21 424 0.694312 0.4547825 0.6272791 3 1.910284 65.57124 4.570181 0.8472352 0.6231506 0.49039677 0.07426491 870 116 > logs_ANN/salida_p21_7
../GA ../Data/DataFiles/p21 84 0.694312 0.4547825 0.6272791 3 1.910284 65.57124 4.570181 0.8472352 0.6231506 0.49039677 0.07426491 870 116 > logs_ANN/salida_p21_8
../GA ../Data/DataFiles/p21 576 0.694312 0.4547825 0.6272791 3 1.910284 65.57124 4.570181 0.8472352 0.6231506 0.49039677 0.07426491 870 116 > logs_ANN/salida_p21_9
../GA ../Data/DataFiles/p22 138 0.694312 0.4547825 0.6272791 3 1.910284 65.57124 4.570181 0.8472352 0.6231506 0.49039677 0.07426491 870 116 > logs_ANN/salida_p22_0
../GA ../Data/DataFiles/p22 629 0.694312 0.4547825 0.6272791 3 1.910284 65.57124 4.570181 0.8472352 0.6231506 0.49039677 0.07426491 870 116 > logs_ANN/salida_p22_1
../GA ../Data/DataFiles/p22 606 0.694312 0.4547825 0.6272791 3 1.910284 65.57124 4.570181 0.8472352 0.6231506 0.49039677 0.07426491 870 116 > logs_ANN/salida_p22_2
../GA ../Data/DataFiles/p22 422 0.694312 0.4547825 0.6272791 3 1.910284 65.57124 4.570181 0.8472352 0.6231506 0.49039677 0.07426491 870 116 > logs_ANN/salida_p22_3
../GA ../Data/DataFiles/p22 980 0.694312 0.4547825 0.6272791 3 1.910284 65.57124 4.570181 0.8472352 0.6231506 0.49039677 0.07426491 870 116 > logs_ANN/salida_p22_4
../GA ../Data/DataFiles/p22 236 0.694312 0.4547825 0.6272791 3 1.910284 65.57124 4.570181 0.8472352 0.6231506 0.49039677 0.07426491 870 116 > logs_ANN/salida_p22_5
../GA ../Data/DataFiles/p22 618 0.694312 0.4547825 0.6272791 3 1.910284 65.57124 4.570181 0.8472352 0.6231506 0.49039677 0.07426491 870 116 > logs_ANN/salida_p22_6
../GA ../Data/DataFiles/p22 818 0.694312 0.4547825 0.6272791 3 1.910284 65.57124 4.570181 0.8472352 0.6231506 0.49039677 0.07426491 870 116 > logs_ANN/salida_p22_7
../GA ../Data/DataFiles/p22 163 0.694312 0.4547825 0.6272791 3 1.910284 65.57124 4.570181 0.8472352 0.6231506 0.49039677 0.07426491 870 116 > logs_ANN/salida_p22_8
../GA ../Data/DataFiles/p22 301 0.694312 0.4547825 0.6272791 3 1.910284 65.57124 4.570181 0.8472352 0.6231506 0.49039677 0.07426491 870 116 > logs_ANN/salida_p22_9
../GA ../Data/DataFiles/p23 900 0.694312 0.45478255 0.62727916 3 1.910284 65.57125 4.570182 0.8472352 0.6231505 0.49039677 0.074264914 870 116 > logs_ANN/salida_p23_0
../GA ../Data/DataFiles/p23 795 0.694312 0.45478255 0.62727916 3 1.910284 65.57125 4.570182 0.8472352 0.6231505 0.49039677 0.074264914 870 116 > logs_ANN/salida_p23_1
../GA ../Data/DataFiles/p23 754 0.694312 0.45478255 0.62727916 3 1.910284 65.57125 4.570182 0.8472352 0.6231505 0.49039677 0.074264914 870 116 > logs_ANN/salida_p23_2
../GA ../Data/DataFiles/p23 908 0.694312 0.45478255 0.62727916 3 1.910284 65.57125 4.570182 0.8472352 0.6231505 0.49039677 0.074264914 870 116 > logs_ANN/salida_p23_3
../GA ../Data/DataFiles/p23 985 0.694312 0.45478255 0.62727916 3 1.910284 65.57125 4.570182 0.8472352 0.6231505 0.49039677 0.074264914 870 116 > logs_ANN/salida_p23_4
../GA ../Data/DataFiles/p23 383 0.694312 0.45478255 0.62727916 3 1.910284 65.57125 4.570182 0.8472352 0.6231505 0.49039677 0.074264914 870 116 > logs_ANN/salida_p23_5
../GA ../Data/DataFiles/p23 188 0.694312 0.45478255 0.62727916 3 1.910284 65.57125 4.570182 0.8472352 0.6231505 0.49039677 0.074264914 870 116 > logs_ANN/salida_p23_6
../GA ../Data/DataFiles/p23 535 0.694312 0.45478255 0.62727916 3 1.910284 65.57125 4.570182 0.8472352 0.6231505 0.49039677 0.074264914 870 116 > logs_ANN/salida_p23_7
../GA ../Data/DataFiles/p23 444 0.694312 0.45478255 0.62727916 3 1.910284 65.57125 4.570182 0.8472352 0.6231505 0.49039677 0.074264914 870 116 > logs_ANN/salida_p23_8
../GA ../Data/DataFiles/p23 163 0.694312 0.45478255 0.62727916 3 1.910284 65.57125 4.570182 0.8472352 0.6231505 0.49039677 0.074264914 870 116 > logs_ANN/salida_p23_9
