../GA ../Data/DataFiles/pr01 229 0.8601882 0.600416 0.5991785 1 2.1747084 59.00966 3.1006413 0.8374419 0.49620423 0.7742065 0.0891951 1307 653 > logs_ANN/salida_pr01_0
../GA ../Data/DataFiles/pr01 556 0.8601882 0.600416 0.5991785 1 2.1747084 59.00966 3.1006413 0.8374419 0.49620423 0.7742065 0.0891951 1307 653 > logs_ANN/salida_pr01_1
../GA ../Data/DataFiles/pr01 717 0.8601882 0.600416 0.5991785 1 2.1747084 59.00966 3.1006413 0.8374419 0.49620423 0.7742065 0.0891951 1307 653 > logs_ANN/salida_pr01_2
../GA ../Data/DataFiles/pr01 264 0.8601882 0.600416 0.5991785 1 2.1747084 59.00966 3.1006413 0.8374419 0.49620423 0.7742065 0.0891951 1307 653 > logs_ANN/salida_pr01_3
../GA ../Data/DataFiles/pr01 628 0.8601882 0.600416 0.5991785 1 2.1747084 59.00966 3.1006413 0.8374419 0.49620423 0.7742065 0.0891951 1307 653 > logs_ANN/salida_pr01_4
../GA ../Data/DataFiles/pr01 508 0.8601882 0.600416 0.5991785 1 2.1747084 59.00966 3.1006413 0.8374419 0.49620423 0.7742065 0.0891951 1307 653 > logs_ANN/salida_pr01_5
../GA ../Data/DataFiles/pr01 320 0.8601882 0.600416 0.5991785 1 2.1747084 59.00966 3.1006413 0.8374419 0.49620423 0.7742065 0.0891951 1307 653 > logs_ANN/salida_pr01_6
../GA ../Data/DataFiles/pr01 963 0.8601882 0.600416 0.5991785 1 2.1747084 59.00966 3.1006413 0.8374419 0.49620423 0.7742065 0.0891951 1307 653 > logs_ANN/salida_pr01_7
../GA ../Data/DataFiles/pr01 785 0.8601882 0.600416 0.5991785 1 2.1747084 59.00966 3.1006413 0.8374419 0.49620423 0.7742065 0.0891951 1307 653 > logs_ANN/salida_pr01_8
../GA ../Data/DataFiles/pr01 346 0.8601882 0.600416 0.5991785 1 2.1747084 59.00966 3.1006413 0.8374419 0.49620423 0.7742065 0.0891951 1307 653 > logs_ANN/salida_pr01_9
../GA ../Data/DataFiles/pr02 414 0.9979952 0.49306524 0.53459907 3 1.6545447 59.831947 9.0495205 0.7865678 0.36840105 0.6531291 0.09673344 1113 556 > logs_ANN/salida_pr02_0
../GA ../Data/DataFiles/pr02 671 0.9979952 0.49306524 0.53459907 3 1.6545447 59.831947 9.0495205 0.7865678 0.36840105 0.6531291 0.09673344 1113 556 > logs_ANN/salida_pr02_1
../GA ../Data/DataFiles/pr02 121 0.9979952 0.49306524 0.53459907 3 1.6545447 59.831947 9.0495205 0.7865678 0.36840105 0.6531291 0.09673344 1113 556 > logs_ANN/salida_pr02_2
../GA ../Data/DataFiles/pr02 25 0.9979952 0.49306524 0.53459907 3 1.6545447 59.831947 9.0495205 0.7865678 0.36840105 0.6531291 0.09673344 1113 556 > logs_ANN/salida_pr02_3
../GA ../Data/DataFiles/pr02 552 0.9979952 0.49306524 0.53459907 3 1.6545447 59.831947 9.0495205 0.7865678 0.36840105 0.6531291 0.09673344 1113 556 > logs_ANN/salida_pr02_4
../GA ../Data/DataFiles/pr02 296 0.9979952 0.49306524 0.53459907 3 1.6545447 59.831947 9.0495205 0.7865678 0.36840105 0.6531291 0.09673344 1113 556 > logs_ANN/salida_pr02_5
../GA ../Data/DataFiles/pr02 415 0.9979952 0.49306524 0.53459907 3 1.6545447 59.831947 9.0495205 0.7865678 0.36840105 0.6531291 0.09673344 1113 556 > logs_ANN/salida_pr02_6
../GA ../Data/DataFiles/pr02 904 0.9979952 0.49306524 0.53459907 3 1.6545447 59.831947 9.0495205 0.7865678 0.36840105 0.6531291 0.09673344 1113 556 > logs_ANN/salida_pr02_7
../GA ../Data/DataFiles/pr02 380 0.9979952 0.49306524 0.53459907 3 1.6545447 59.831947 9.0495205 0.7865678 0.36840105 0.6531291 0.09673344 1113 556 > logs_ANN/salida_pr02_8
../GA ../Data/DataFiles/pr02 3 0.9979952 0.49306524 0.53459907 3 1.6545447 59.831947 9.0495205 0.7865678 0.36840105 0.6531291 0.09673344 1113 556 > logs_ANN/salida_pr02_9
../GA ../Data/DataFiles/pr03 405 0.91894686 0.47438204 0.547141 3 1.9349604 44.341675 8.919356 0.77086204 0.39626706 0.70254207 0.09169648 915 458 > logs_ANN/salida_pr03_0
../GA ../Data/DataFiles/pr03 925 0.91894686 0.47438204 0.547141 3 1.9349604 44.341675 8.919356 0.77086204 0.39626706 0.70254207 0.09169648 915 458 > logs_ANN/salida_pr03_1
../GA ../Data/DataFiles/pr03 539 0.91894686 0.47438204 0.547141 3 1.9349604 44.341675 8.919356 0.77086204 0.39626706 0.70254207 0.09169648 915 458 > logs_ANN/salida_pr03_2
../GA ../Data/DataFiles/pr03 957 0.91894686 0.47438204 0.547141 3 1.9349604 44.341675 8.919356 0.77086204 0.39626706 0.70254207 0.09169648 915 458 > logs_ANN/salida_pr03_3
../GA ../Data/DataFiles/pr03 591 0.91894686 0.47438204 0.547141 3 1.9349604 44.341675 8.919356 0.77086204 0.39626706 0.70254207 0.09169648 915 458 > logs_ANN/salida_pr03_4
../GA ../Data/DataFiles/pr03 233 0.91894686 0.47438204 0.547141 3 1.9349604 44.341675 8.919356 0.77086204 0.39626706 0.70254207 0.09169648 915 458 > logs_ANN/salida_pr03_5
../GA ../Data/DataFiles/pr03 978 0.91894686 0.47438204 0.547141 3 1.9349604 44.341675 8.919356 0.77086204 0.39626706 0.70254207 0.09169648 915 458 > logs_ANN/salida_pr03_6
../GA ../Data/DataFiles/pr03 80 0.91894686 0.47438204 0.547141 3 1.9349604 44.341675 8.919356 0.77086204 0.39626706 0.70254207 0.09169648 915 458 > logs_ANN/salida_pr03_7
../GA ../Data/DataFiles/pr03 457 0.91894686 0.47438204 0.547141 3 1.9349604 44.341675 8.919356 0.77086204 0.39626706 0.70254207 0.09169648 915 458 > logs_ANN/salida_pr03_8
../GA ../Data/DataFiles/pr03 719 0.91894686 0.47438204 0.547141 3 1.9349604 44.341675 8.919356 0.77086204 0.39626706 0.70254207 0.09169648 915 458 > logs_ANN/salida_pr03_9
../GA ../Data/DataFiles/pr04 996 0.94345224 0.4530422 0.51808476 7 1.7214369 60.807228 11.451265 0.7540423 0.35075098 0.58192915 0.099264756 876 438 > logs_ANN/salida_pr04_0
../GA ../Data/DataFiles/pr04 388 0.94345224 0.4530422 0.51808476 7 1.7214369 60.807228 11.451265 0.7540423 0.35075098 0.58192915 0.099264756 876 438 > logs_ANN/salida_pr04_1
../GA ../Data/DataFiles/pr04 2 0.94345224 0.4530422 0.51808476 7 1.7214369 60.807228 11.451265 0.7540423 0.35075098 0.58192915 0.099264756 876 438 > logs_ANN/salida_pr04_2
../GA ../Data/DataFiles/pr04 822 0.94345224 0.4530422 0.51808476 7 1.7214369 60.807228 11.451265 0.7540423 0.35075098 0.58192915 0.099264756 876 438 > logs_ANN/salida_pr04_3
../GA ../Data/DataFiles/pr04 73 0.94345224 0.4530422 0.51808476 7 1.7214369 60.807228 11.451265 0.7540423 0.35075098 0.58192915 0.099264756 876 438 > logs_ANN/salida_pr04_4
../GA ../Data/DataFiles/pr04 981 0.94345224 0.4530422 0.51808476 7 1.7214369 60.807228 11.451265 0.7540423 0.35075098 0.58192915 0.099264756 876 438 > logs_ANN/salida_pr04_5
../GA ../Data/DataFiles/pr04 628 0.94345224 0.4530422 0.51808476 7 1.7214369 60.807228 11.451265 0.7540423 0.35075098 0.58192915 0.099264756 876 438 > logs_ANN/salida_pr04_6
../GA ../Data/DataFiles/pr04 587 0.94345224 0.4530422 0.51808476 7 1.7214369 60.807228 11.451265 0.7540423 0.35075098 0.58192915 0.099264756 876 438 > logs_ANN/salida_pr04_7
../GA ../Data/DataFiles/pr04 941 0.94345224 0.4530422 0.51808476 7 1.7214369 60.807228 11.451265 0.7540423 0.35075098 0.58192915 0.099264756 876 438 > logs_ANN/salida_pr04_8
../GA ../Data/DataFiles/pr04 651 0.94345224 0.4530422 0.51808476 7 1.7214369 60.807228 11.451265 0.7540423 0.35075098 0.58192915 0.099264756 876 438 > logs_ANN/salida_pr04_9
../GA ../Data/DataFiles/pr05 252 0.9581027 0.44462964 0.47430295 8 1.7649138 55.47527 12.127703 0.75259715 0.35496852 0.5620028 0.093217455 1043 522 > logs_ANN/salida_pr05_0
../GA ../Data/DataFiles/pr05 853 0.9581027 0.44462964 0.47430295 8 1.7649138 55.47527 12.127703 0.75259715 0.35496852 0.5620028 0.093217455 1043 522 > logs_ANN/salida_pr05_1
../GA ../Data/DataFiles/pr05 252 0.9581027 0.44462964 0.47430295 8 1.7649138 55.47527 12.127703 0.75259715 0.35496852 0.5620028 0.093217455 1043 522 > logs_ANN/salida_pr05_2
../GA ../Data/DataFiles/pr05 629 0.9581027 0.44462964 0.47430295 8 1.7649138 55.47527 12.127703 0.75259715 0.35496852 0.5620028 0.093217455 1043 522 > logs_ANN/salida_pr05_3
../GA ../Data/DataFiles/pr05 421 0.9581027 0.44462964 0.47430295 8 1.7649138 55.47527 12.127703 0.75259715 0.35496852 0.5620028 0.093217455 1043 522 > logs_ANN/salida_pr05_4
../GA ../Data/DataFiles/pr05 358 0.9581027 0.44462964 0.47430295 8 1.7649138 55.47527 12.127703 0.75259715 0.35496852 0.5620028 0.093217455 1043 522 > logs_ANN/salida_pr05_5
../GA ../Data/DataFiles/pr05 154 0.9581027 0.44462964 0.47430295 8 1.7649138 55.47527 12.127703 0.75259715 0.35496852 0.5620028 0.093217455 1043 522 > logs_ANN/salida_pr05_6
../GA ../Data/DataFiles/pr05 897 0.9581027 0.44462964 0.47430295 8 1.7649138 55.47527 12.127703 0.75259715 0.35496852 0.5620028 0.093217455 1043 522 > logs_ANN/salida_pr05_7
../GA ../Data/DataFiles/pr05 766 0.9581027 0.44462964 0.47430295 8 1.7649138 55.47527 12.127703 0.75259715 0.35496852 0.5620028 0.093217455 1043 522 > logs_ANN/salida_pr05_8
../GA ../Data/DataFiles/pr05 785 0.9581027 0.44462964 0.47430295 8 1.7649138 55.47527 12.127703 0.75259715 0.35496852 0.5620028 0.093217455 1043 522 > logs_ANN/salida_pr05_9
../GA ../Data/DataFiles/pr06 658 0.9226439 0.43691137 0.5144481 9 1.8036296 52.272934 13.264345 0.72888774 0.38960257 0.5578235 0.10194748 920 460 > logs_ANN/salida_pr06_0
../GA ../Data/DataFiles/pr06 499 0.9226439 0.43691137 0.5144481 9 1.8036296 52.272934 13.264345 0.72888774 0.38960257 0.5578235 0.10194748 920 460 > logs_ANN/salida_pr06_1
../GA ../Data/DataFiles/pr06 474 0.9226439 0.43691137 0.5144481 9 1.8036296 52.272934 13.264345 0.72888774 0.38960257 0.5578235 0.10194748 920 460 > logs_ANN/salida_pr06_2
../GA ../Data/DataFiles/pr06 768 0.9226439 0.43691137 0.5144481 9 1.8036296 52.272934 13.264345 0.72888774 0.38960257 0.5578235 0.10194748 920 460 > logs_ANN/salida_pr06_3
../GA ../Data/DataFiles/pr06 792 0.9226439 0.43691137 0.5144481 9 1.8036296 52.272934 13.264345 0.72888774 0.38960257 0.5578235 0.10194748 920 460 > logs_ANN/salida_pr06_4
../GA ../Data/DataFiles/pr06 578 0.9226439 0.43691137 0.5144481 9 1.8036296 52.272934 13.264345 0.72888774 0.38960257 0.5578235 0.10194748 920 460 > logs_ANN/salida_pr06_5
../GA ../Data/DataFiles/pr06 862 0.9226439 0.43691137 0.5144481 9 1.8036296 52.272934 13.264345 0.72888774 0.38960257 0.5578235 0.10194748 920 460 > logs_ANN/salida_pr06_6
../GA ../Data/DataFiles/pr06 126 0.9226439 0.43691137 0.5144481 9 1.8036296 52.272934 13.264345 0.72888774 0.38960257 0.5578235 0.10194748 920 460 > logs_ANN/salida_pr06_7
../GA ../Data/DataFiles/pr06 367 0.9226439 0.43691137 0.5144481 9 1.8036296 52.272934 13.264345 0.72888774 0.38960257 0.5578235 0.10194748 920 460 > logs_ANN/salida_pr06_8
../GA ../Data/DataFiles/pr06 480 0.9226439 0.43691137 0.5144481 9 1.8036296 52.272934 13.264345 0.72888774 0.38960257 0.5578235 0.10194748 920 460 > logs_ANN/salida_pr06_9
../GA ../Data/DataFiles/pr07 412 0.8442434 0.5359271 0.64815176 2 2.3512084 21.738264 5.9150834 0.7951523 0.5245024 0.7778503 0.09877081 1307 654 > logs_ANN/salida_pr07_0
../GA ../Data/DataFiles/pr07 834 0.8442434 0.5359271 0.64815176 2 2.3512084 21.738264 5.9150834 0.7951523 0.5245024 0.7778503 0.09877081 1307 654 > logs_ANN/salida_pr07_1
../GA ../Data/DataFiles/pr07 12 0.8442434 0.5359271 0.64815176 2 2.3512084 21.738264 5.9150834 0.7951523 0.5245024 0.7778503 0.09877081 1307 654 > logs_ANN/salida_pr07_2
../GA ../Data/DataFiles/pr07 734 0.8442434 0.5359271 0.64815176 2 2.3512084 21.738264 5.9150834 0.7951523 0.5245024 0.7778503 0.09877081 1307 654 > logs_ANN/salida_pr07_3
../GA ../Data/DataFiles/pr07 740 0.8442434 0.5359271 0.64815176 2 2.3512084 21.738264 5.9150834 0.7951523 0.5245024 0.7778503 0.09877081 1307 654 > logs_ANN/salida_pr07_4
../GA ../Data/DataFiles/pr07 963 0.8442434 0.5359271 0.64815176 2 2.3512084 21.738264 5.9150834 0.7951523 0.5245024 0.7778503 0.09877081 1307 654 > logs_ANN/salida_pr07_5
../GA ../Data/DataFiles/pr07 141 0.8442434 0.5359271 0.64815176 2 2.3512084 21.738264 5.9150834 0.7951523 0.5245024 0.7778503 0.09877081 1307 654 > logs_ANN/salida_pr07_6
../GA ../Data/DataFiles/pr07 778 0.8442434 0.5359271 0.64815176 2 2.3512084 21.738264 5.9150834 0.7951523 0.5245024 0.7778503 0.09877081 1307 654 > logs_ANN/salida_pr07_7
../GA ../Data/DataFiles/pr07 499 0.8442434 0.5359271 0.64815176 2 2.3512084 21.738264 5.9150834 0.7951523 0.5245024 0.7778503 0.09877081 1307 654 > logs_ANN/salida_pr07_8
../GA ../Data/DataFiles/pr07 56 0.8442434 0.5359271 0.64815176 2 2.3512084 21.738264 5.9150834 0.7951523 0.5245024 0.7778503 0.09877081 1307 654 > logs_ANN/salida_pr07_9
../GA ../Data/DataFiles/pr08 106 0.8675678 0.5147658 0.52217805 4 1.9343779 41.794712 9.327114 0.7572002 0.37794852 0.64008415 0.08875339 888 444 > logs_ANN/salida_pr08_0
../GA ../Data/DataFiles/pr08 272 0.8675678 0.5147658 0.52217805 4 1.9343779 41.794712 9.327114 0.7572002 0.37794852 0.64008415 0.08875339 888 444 > logs_ANN/salida_pr08_1
../GA ../Data/DataFiles/pr08 148 0.8675678 0.5147658 0.52217805 4 1.9343779 41.794712 9.327114 0.7572002 0.37794852 0.64008415 0.08875339 888 444 > logs_ANN/salida_pr08_2
../GA ../Data/DataFiles/pr08 961 0.8675678 0.5147658 0.52217805 4 1.9343779 41.794712 9.327114 0.7572002 0.37794852 0.64008415 0.08875339 888 444 > logs_ANN/salida_pr08_3
../GA ../Data/DataFiles/pr08 914 0.8675678 0.5147658 0.52217805 4 1.9343779 41.794712 9.327114 0.7572002 0.37794852 0.64008415 0.08875339 888 444 > logs_ANN/salida_pr08_4
../GA ../Data/DataFiles/pr08 789 0.8675678 0.5147658 0.52217805 4 1.9343779 41.794712 9.327114 0.7572002 0.37794852 0.64008415 0.08875339 888 444 > logs_ANN/salida_pr08_5
../GA ../Data/DataFiles/pr08 169 0.8675678 0.5147658 0.52217805 4 1.9343779 41.794712 9.327114 0.7572002 0.37794852 0.64008415 0.08875339 888 444 > logs_ANN/salida_pr08_6
../GA ../Data/DataFiles/pr08 278 0.8675678 0.5147658 0.52217805 4 1.9343779 41.794712 9.327114 0.7572002 0.37794852 0.64008415 0.08875339 888 444 > logs_ANN/salida_pr08_7
../GA ../Data/DataFiles/pr08 150 0.8675678 0.5147658 0.52217805 4 1.9343779 41.794712 9.327114 0.7572002 0.37794852 0.64008415 0.08875339 888 444 > logs_ANN/salida_pr08_8
../GA ../Data/DataFiles/pr08 581 0.8675678 0.5147658 0.52217805 4 1.9343779 41.794712 9.327114 0.7572002 0.37794852 0.64008415 0.08875339 888 444 > logs_ANN/salida_pr08_9
../GA ../Data/DataFiles/pr09 983 0.8646264 0.5052621 0.5367656 7 1.8443202 39.74782 11.8088455 0.7220517 0.39266843 0.5828561 0.09979988 805 403 > logs_ANN/salida_pr09_0
../GA ../Data/DataFiles/pr09 810 0.8646264 0.5052621 0.5367656 7 1.8443202 39.74782 11.8088455 0.7220517 0.39266843 0.5828561 0.09979988 805 403 > logs_ANN/salida_pr09_1
../GA ../Data/DataFiles/pr09 875 0.8646264 0.5052621 0.5367656 7 1.8443202 39.74782 11.8088455 0.7220517 0.39266843 0.5828561 0.09979988 805 403 > logs_ANN/salida_pr09_2
../GA ../Data/DataFiles/pr09 665 0.8646264 0.5052621 0.5367656 7 1.8443202 39.74782 11.8088455 0.7220517 0.39266843 0.5828561 0.09979988 805 403 > logs_ANN/salida_pr09_3
../GA ../Data/DataFiles/pr09 956 0.8646264 0.5052621 0.5367656 7 1.8443202 39.74782 11.8088455 0.7220517 0.39266843 0.5828561 0.09979988 805 403 > logs_ANN/salida_pr09_4
../GA ../Data/DataFiles/pr09 117 0.8646264 0.5052621 0.5367656 7 1.8443202 39.74782 11.8088455 0.7220517 0.39266843 0.5828561 0.09979988 805 403 > logs_ANN/salida_pr09_5
../GA ../Data/DataFiles/pr09 244 0.8646264 0.5052621 0.5367656 7 1.8443202 39.74782 11.8088455 0.7220517 0.39266843 0.5828561 0.09979988 805 403 > logs_ANN/salida_pr09_6
../GA ../Data/DataFiles/pr09 177 0.8646264 0.5052621 0.5367656 7 1.8443202 39.74782 11.8088455 0.7220517 0.39266843 0.5828561 0.09979988 805 403 > logs_ANN/salida_pr09_7
../GA ../Data/DataFiles/pr09 490 0.8646264 0.5052621 0.5367656 7 1.8443202 39.74782 11.8088455 0.7220517 0.39266843 0.5828561 0.09979988 805 403 > logs_ANN/salida_pr09_8
../GA ../Data/DataFiles/pr09 622 0.8646264 0.5052621 0.5367656 7 1.8443202 39.74782 11.8088455 0.7220517 0.39266843 0.5828561 0.09979988 805 403 > logs_ANN/salida_pr09_9
../GA ../Data/DataFiles/pr10 324 0.86555785 0.50261015 0.50474685 10 1.7981868 48.955864 12.53568 0.73150337 0.3894143 0.53374857 0.09401746 762 381 > logs_ANN/salida_pr10_0
../GA ../Data/DataFiles/pr10 938 0.86555785 0.50261015 0.50474685 10 1.7981868 48.955864 12.53568 0.73150337 0.3894143 0.53374857 0.09401746 762 381 > logs_ANN/salida_pr10_1
../GA ../Data/DataFiles/pr10 241 0.86555785 0.50261015 0.50474685 10 1.7981868 48.955864 12.53568 0.73150337 0.3894143 0.53374857 0.09401746 762 381 > logs_ANN/salida_pr10_2
../GA ../Data/DataFiles/pr10 86 0.86555785 0.50261015 0.50474685 10 1.7981868 48.955864 12.53568 0.73150337 0.3894143 0.53374857 0.09401746 762 381 > logs_ANN/salida_pr10_3
../GA ../Data/DataFiles/pr10 769 0.86555785 0.50261015 0.50474685 10 1.7981868 48.955864 12.53568 0.73150337 0.3894143 0.53374857 0.09401746 762 381 > logs_ANN/salida_pr10_4
../GA ../Data/DataFiles/pr10 859 0.86555785 0.50261015 0.50474685 10 1.7981868 48.955864 12.53568 0.73150337 0.3894143 0.53374857 0.09401746 762 381 > logs_ANN/salida_pr10_5
../GA ../Data/DataFiles/pr10 828 0.86555785 0.50261015 0.50474685 10 1.7981868 48.955864 12.53568 0.73150337 0.3894143 0.53374857 0.09401746 762 381 > logs_ANN/salida_pr10_6
../GA ../Data/DataFiles/pr10 97 0.86555785 0.50261015 0.50474685 10 1.7981868 48.955864 12.53568 0.73150337 0.3894143 0.53374857 0.09401746 762 381 > logs_ANN/salida_pr10_7
../GA ../Data/DataFiles/pr10 162 0.86555785 0.50261015 0.50474685 10 1.7981868 48.955864 12.53568 0.73150337 0.3894143 0.53374857 0.09401746 762 381 > logs_ANN/salida_pr10_8
../GA ../Data/DataFiles/pr10 700 0.86555785 0.50261015 0.50474685 10 1.7981868 48.955864 12.53568 0.73150337 0.3894143 0.53374857 0.09401746 762 381 > logs_ANN/salida_pr10_9
../GA ../Data/DataFiles/p01 997 0.8911576 0.7630999 0.64680636 1 1.7640653 112.42699 0.97221494 0.91839856 0.41601747 0.61344874 0.107862934 932 466 > logs_ANN/salida_p01_0
../GA ../Data/DataFiles/p01 125 0.8911576 0.7630999 0.64680636 1 1.7640653 112.42699 0.97221494 0.91839856 0.41601747 0.61344874 0.107862934 932 466 > logs_ANN/salida_p01_1
../GA ../Data/DataFiles/p01 726 0.8911576 0.7630999 0.64680636 1 1.7640653 112.42699 0.97221494 0.91839856 0.41601747 0.61344874 0.107862934 932 466 > logs_ANN/salida_p01_2
../GA ../Data/DataFiles/p01 647 0.8911576 0.7630999 0.64680636 1 1.7640653 112.42699 0.97221494 0.91839856 0.41601747 0.61344874 0.107862934 932 466 > logs_ANN/salida_p01_3
../GA ../Data/DataFiles/p01 984 0.8911576 0.7630999 0.64680636 1 1.7640653 112.42699 0.97221494 0.91839856 0.41601747 0.61344874 0.107862934 932 466 > logs_ANN/salida_p01_4
../GA ../Data/DataFiles/p01 169 0.8911576 0.7630999 0.64680636 1 1.7640653 112.42699 0.97221494 0.91839856 0.41601747 0.61344874 0.107862934 932 466 > logs_ANN/salida_p01_5
../GA ../Data/DataFiles/p01 821 0.8911576 0.7630999 0.64680636 1 1.7640653 112.42699 0.97221494 0.91839856 0.41601747 0.61344874 0.107862934 932 466 > logs_ANN/salida_p01_6
../GA ../Data/DataFiles/p01 263 0.8911576 0.7630999 0.64680636 1 1.7640653 112.42699 0.97221494 0.91839856 0.41601747 0.61344874 0.107862934 932 466 > logs_ANN/salida_p01_7
../GA ../Data/DataFiles/p01 767 0.8911576 0.7630999 0.64680636 1 1.7640653 112.42699 0.97221494 0.91839856 0.41601747 0.61344874 0.107862934 932 466 > logs_ANN/salida_p01_8
../GA ../Data/DataFiles/p01 459 0.8911576 0.7630999 0.64680636 1 1.7640653 112.42699 0.97221494 0.91839856 0.41601747 0.61344874 0.107862934 932 466 > logs_ANN/salida_p01_9
../GA ../Data/DataFiles/p02 349 0.9983972 0.7004247 0.59657073 5 1.7335019 75.50663 0.5517103 0.8751252 0.41332668 0.71953416 0.09008149 922 461 > logs_ANN/salida_p02_0
../GA ../Data/DataFiles/p02 666 0.9983972 0.7004247 0.59657073 5 1.7335019 75.50663 0.5517103 0.8751252 0.41332668 0.71953416 0.09008149 922 461 > logs_ANN/salida_p02_1
../GA ../Data/DataFiles/p02 519 0.9983972 0.7004247 0.59657073 5 1.7335019 75.50663 0.5517103 0.8751252 0.41332668 0.71953416 0.09008149 922 461 > logs_ANN/salida_p02_2
../GA ../Data/DataFiles/p02 936 0.9983972 0.7004247 0.59657073 5 1.7335019 75.50663 0.5517103 0.8751252 0.41332668 0.71953416 0.09008149 922 461 > logs_ANN/salida_p02_3
../GA ../Data/DataFiles/p02 713 0.9983972 0.7004247 0.59657073 5 1.7335019 75.50663 0.5517103 0.8751252 0.41332668 0.71953416 0.09008149 922 461 > logs_ANN/salida_p02_4
../GA ../Data/DataFiles/p02 313 0.9983972 0.7004247 0.59657073 5 1.7335019 75.50663 0.5517103 0.8751252 0.41332668 0.71953416 0.09008149 922 461 > logs_ANN/salida_p02_5
../GA ../Data/DataFiles/p02 893 0.9983972 0.7004247 0.59657073 5 1.7335019 75.50663 0.5517103 0.8751252 0.41332668 0.71953416 0.09008149 922 461 > logs_ANN/salida_p02_6
../GA ../Data/DataFiles/p02 75 0.9983972 0.7004247 0.59657073 5 1.7335019 75.50663 0.5517103 0.8751252 0.41332668 0.71953416 0.09008149 922 461 > logs_ANN/salida_p02_7
../GA ../Data/DataFiles/p02 109 0.9983972 0.7004247 0.59657073 5 1.7335019 75.50663 0.5517103 0.8751252 0.41332668 0.71953416 0.09008149 922 461 > logs_ANN/salida_p02_8
../GA ../Data/DataFiles/p02 867 0.9983972 0.7004247 0.59657073 5 1.7335019 75.50663 0.5517103 0.8751252 0.41332668 0.71953416 0.09008149 922 461 > logs_ANN/salida_p02_9
../GA ../Data/DataFiles/p03 291 1.022784 0.69557333 0.66068774 1 1.6451825 95.92392 3.1075397 0.88236076 0.44165984 0.6179404 0.11330111 846 423 > logs_ANN/salida_p03_0
../GA ../Data/DataFiles/p03 717 1.022784 0.69557333 0.66068774 1 1.6451825 95.92392 3.1075397 0.88236076 0.44165984 0.6179404 0.11330111 846 423 > logs_ANN/salida_p03_1
../GA ../Data/DataFiles/p03 284 1.022784 0.69557333 0.66068774 1 1.6451825 95.92392 3.1075397 0.88236076 0.44165984 0.6179404 0.11330111 846 423 > logs_ANN/salida_p03_2
../GA ../Data/DataFiles/p03 292 1.022784 0.69557333 0.66068774 1 1.6451825 95.92392 3.1075397 0.88236076 0.44165984 0.6179404 0.11330111 846 423 > logs_ANN/salida_p03_3
../GA ../Data/DataFiles/p03 363 1.022784 0.69557333 0.66068774 1 1.6451825 95.92392 3.1075397 0.88236076 0.44165984 0.6179404 0.11330111 846 423 > logs_ANN/salida_p03_4
../GA ../Data/DataFiles/p03 103 1.022784 0.69557333 0.66068774 1 1.6451825 95.92392 3.1075397 0.88236076 0.44165984 0.6179404 0.11330111 846 423 > logs_ANN/salida_p03_5
../GA ../Data/DataFiles/p03 966 1.022784 0.69557333 0.66068774 1 1.6451825 95.92392 3.1075397 0.88236076 0.44165984 0.6179404 0.11330111 846 423 > logs_ANN/salida_p03_6
../GA ../Data/DataFiles/p03 182 1.022784 0.69557333 0.66068774 1 1.6451825 95.92392 3.1075397 0.88236076 0.44165984 0.6179404 0.11330111 846 423 > logs_ANN/salida_p03_7
../GA ../Data/DataFiles/p03 314 1.022784 0.69557333 0.66068774 1 1.6451825 95.92392 3.1075397 0.88236076 0.44165984 0.6179404 0.11330111 846 423 > logs_ANN/salida_p03_8
../GA ../Data/DataFiles/p03 991 1.022784 0.69557333 0.66068774 1 1.6451825 95.92392 3.1075397 0.88236076 0.44165984 0.6179404 0.11330111 846 423 > logs_ANN/salida_p03_9
../GA ../Data/DataFiles/p04 641 1.0418454 0.5478983 0.60680085 1 1.6647708 91.723305 4.6370926 0.8701482 0.39719892 0.68267536 0.109559484 1046 523 > logs_ANN/salida_p04_0
../GA ../Data/DataFiles/p04 633 1.0418454 0.5478983 0.60680085 1 1.6647708 91.723305 4.6370926 0.8701482 0.39719892 0.68267536 0.109559484 1046 523 > logs_ANN/salida_p04_1
../GA ../Data/DataFiles/p04 264 1.0418454 0.5478983 0.60680085 1 1.6647708 91.723305 4.6370926 0.8701482 0.39719892 0.68267536 0.109559484 1046 523 > logs_ANN/salida_p04_2
../GA ../Data/DataFiles/p04 529 1.0418454 0.5478983 0.60680085 1 1.6647708 91.723305 4.6370926 0.8701482 0.39719892 0.68267536 0.109559484 1046 523 > logs_ANN/salida_p04_3
../GA ../Data/DataFiles/p04 197 1.0418454 0.5478983 0.60680085 1 1.6647708 91.723305 4.6370926 0.8701482 0.39719892 0.68267536 0.109559484 1046 523 > logs_ANN/salida_p04_4
../GA ../Data/DataFiles/p04 178 1.0418454 0.5478983 0.60680085 1 1.6647708 91.723305 4.6370926 0.8701482 0.39719892 0.68267536 0.109559484 1046 523 > logs_ANN/salida_p04_5
../GA ../Data/DataFiles/p04 557 1.0418454 0.5478983 0.60680085 1 1.6647708 91.723305 4.6370926 0.8701482 0.39719892 0.68267536 0.109559484 1046 523 > logs_ANN/salida_p04_6
../GA ../Data/DataFiles/p04 439 1.0418454 0.5478983 0.60680085 1 1.6647708 91.723305 4.6370926 0.8701482 0.39719892 0.68267536 0.109559484 1046 523 > logs_ANN/salida_p04_7
../GA ../Data/DataFiles/p04 531 1.0418454 0.5478983 0.60680085 1 1.6647708 91.723305 4.6370926 0.8701482 0.39719892 0.68267536 0.109559484 1046 523 > logs_ANN/salida_p04_8
../GA ../Data/DataFiles/p04 357 1.0418454 0.5478983 0.60680085 1 1.6647708 91.723305 4.6370926 0.8701482 0.39719892 0.68267536 0.109559484 1046 523 > logs_ANN/salida_p04_9
../GA ../Data/DataFiles/p05 170 1.080457 0.53834945 0.5618896 1 1.4589895 87.312546 7.229977 0.82777786 0.35371625 0.61208093 0.10277895 971 485 > logs_ANN/salida_p05_0
../GA ../Data/DataFiles/p05 323 1.080457 0.53834945 0.5618896 1 1.4589895 87.312546 7.229977 0.82777786 0.35371625 0.61208093 0.10277895 971 485 > logs_ANN/salida_p05_1
../GA ../Data/DataFiles/p05 997 1.080457 0.53834945 0.5618896 1 1.4589895 87.312546 7.229977 0.82777786 0.35371625 0.61208093 0.10277895 971 485 > logs_ANN/salida_p05_2
../GA ../Data/DataFiles/p05 954 1.080457 0.53834945 0.5618896 1 1.4589895 87.312546 7.229977 0.82777786 0.35371625 0.61208093 0.10277895 971 485 > logs_ANN/salida_p05_3
../GA ../Data/DataFiles/p05 638 1.080457 0.53834945 0.5618896 1 1.4589895 87.312546 7.229977 0.82777786 0.35371625 0.61208093 0.10277895 971 485 > logs_ANN/salida_p05_4
../GA ../Data/DataFiles/p05 594 1.080457 0.53834945 0.5618896 1 1.4589895 87.312546 7.229977 0.82777786 0.35371625 0.61208093 0.10277895 971 485 > logs_ANN/salida_p05_5
../GA ../Data/DataFiles/p05 66 1.080457 0.53834945 0.5618896 1 1.4589895 87.312546 7.229977 0.82777786 0.35371625 0.61208093 0.10277895 971 485 > logs_ANN/salida_p05_6
../GA ../Data/DataFiles/p05 859 1.080457 0.53834945 0.5618896 1 1.4589895 87.312546 7.229977 0.82777786 0.35371625 0.61208093 0.10277895 971 485 > logs_ANN/salida_p05_7
../GA ../Data/DataFiles/p05 795 1.080457 0.53834945 0.5618896 1 1.4589895 87.312546 7.229977 0.82777786 0.35371625 0.61208093 0.10277895 971 485 > logs_ANN/salida_p05_8
../GA ../Data/DataFiles/p05 343 1.080457 0.53834945 0.5618896 1 1.4589895 87.312546 7.229977 0.82777786 0.35371625 0.61208093 0.10277895 971 485 > logs_ANN/salida_p05_9
../GA ../Data/DataFiles/p06 390 1.0082115 0.6323451 0.63981205 2 1.4901465 105.995316 5.1981187 0.8619035 0.38724613 0.57871276 0.117221266 890 445 > logs_ANN/salida_p06_0
../GA ../Data/DataFiles/p06 613 1.0082115 0.6323451 0.63981205 2 1.4901465 105.995316 5.1981187 0.8619035 0.38724613 0.57871276 0.117221266 890 445 > logs_ANN/salida_p06_1
../GA ../Data/DataFiles/p06 475 1.0082115 0.6323451 0.63981205 2 1.4901465 105.995316 5.1981187 0.8619035 0.38724613 0.57871276 0.117221266 890 445 > logs_ANN/salida_p06_2
../GA ../Data/DataFiles/p06 953 1.0082115 0.6323451 0.63981205 2 1.4901465 105.995316 5.1981187 0.8619035 0.38724613 0.57871276 0.117221266 890 445 > logs_ANN/salida_p06_3
../GA ../Data/DataFiles/p06 39 1.0082115 0.6323451 0.63981205 2 1.4901465 105.995316 5.1981187 0.8619035 0.38724613 0.57871276 0.117221266 890 445 > logs_ANN/salida_p06_4
../GA ../Data/DataFiles/p06 203 1.0082115 0.6323451 0.63981205 2 1.4901465 105.995316 5.1981187 0.8619035 0.38724613 0.57871276 0.117221266 890 445 > logs_ANN/salida_p06_5
../GA ../Data/DataFiles/p06 455 1.0082115 0.6323451 0.63981205 2 1.4901465 105.995316 5.1981187 0.8619035 0.38724613 0.57871276 0.117221266 890 445 > logs_ANN/salida_p06_6
../GA ../Data/DataFiles/p06 803 1.0082115 0.6323451 0.63981205 2 1.4901465 105.995316 5.1981187 0.8619035 0.38724613 0.57871276 0.117221266 890 445 > logs_ANN/salida_p06_7
../GA ../Data/DataFiles/p06 791 1.0082115 0.6323451 0.63981205 2 1.4901465 105.995316 5.1981187 0.8619035 0.38724613 0.57871276 0.117221266 890 445 > logs_ANN/salida_p06_8
../GA ../Data/DataFiles/p06 150 1.0082115 0.6323451 0.63981205 2 1.4901465 105.995316 5.1981187 0.8619035 0.38724613 0.57871276 0.117221266 890 445 > logs_ANN/salida_p06_9
../GA ../Data/DataFiles/p07 161 1.0093294 0.62411255 0.6345857 1 1.599192 91.84105 5.0062256 0.85400707 0.3982035 0.6143546 0.112056315 923 461 > logs_ANN/salida_p07_0
../GA ../Data/DataFiles/p07 300 1.0093294 0.62411255 0.6345857 1 1.599192 91.84105 5.0062256 0.85400707 0.3982035 0.6143546 0.112056315 923 461 > logs_ANN/salida_p07_1
../GA ../Data/DataFiles/p07 179 1.0093294 0.62411255 0.6345857 1 1.599192 91.84105 5.0062256 0.85400707 0.3982035 0.6143546 0.112056315 923 461 > logs_ANN/salida_p07_2
../GA ../Data/DataFiles/p07 329 1.0093294 0.62411255 0.6345857 1 1.599192 91.84105 5.0062256 0.85400707 0.3982035 0.6143546 0.112056315 923 461 > logs_ANN/salida_p07_3
../GA ../Data/DataFiles/p07 228 1.0093294 0.62411255 0.6345857 1 1.599192 91.84105 5.0062256 0.85400707 0.3982035 0.6143546 0.112056315 923 461 > logs_ANN/salida_p07_4
../GA ../Data/DataFiles/p07 284 1.0093294 0.62411255 0.6345857 1 1.599192 91.84105 5.0062256 0.85400707 0.3982035 0.6143546 0.112056315 923 461 > logs_ANN/salida_p07_5
../GA ../Data/DataFiles/p07 980 1.0093294 0.62411255 0.6345857 1 1.599192 91.84105 5.0062256 0.85400707 0.3982035 0.6143546 0.112056315 923 461 > logs_ANN/salida_p07_6
../GA ../Data/DataFiles/p07 859 1.0093294 0.62411255 0.6345857 1 1.599192 91.84105 5.0062256 0.85400707 0.3982035 0.6143546 0.112056315 923 461 > logs_ANN/salida_p07_7
../GA ../Data/DataFiles/p07 959 1.0093294 0.62411255 0.6345857 1 1.599192 91.84105 5.0062256 0.85400707 0.3982035 0.6143546 0.112056315 923 461 > logs_ANN/salida_p07_8
../GA ../Data/DataFiles/p07 661 1.0093294 0.62411255 0.6345857 1 1.599192 91.84105 5.0062256 0.85400707 0.3982035 0.6143546 0.112056315 923 461 > logs_ANN/salida_p07_9
../GA ../Data/DataFiles/p08 291 0.7815849 0.28511548 0.47491756 12 2.3688254 58.939503 11.941748 0.7465491 0.40344256 0.6297767 0.094432406 941 471 > logs_ANN/salida_p08_0
../GA ../Data/DataFiles/p08 61 0.7815849 0.28511548 0.47491756 12 2.3688254 58.939503 11.941748 0.7465491 0.40344256 0.6297767 0.094432406 941 471 > logs_ANN/salida_p08_1
../GA ../Data/DataFiles/p08 168 0.7815849 0.28511548 0.47491756 12 2.3688254 58.939503 11.941748 0.7465491 0.40344256 0.6297767 0.094432406 941 471 > logs_ANN/salida_p08_2
../GA ../Data/DataFiles/p08 946 0.7815849 0.28511548 0.47491756 12 2.3688254 58.939503 11.941748 0.7465491 0.40344256 0.6297767 0.094432406 941 471 > logs_ANN/salida_p08_3
../GA ../Data/DataFiles/p08 706 0.7815849 0.28511548 0.47491756 12 2.3688254 58.939503 11.941748 0.7465491 0.40344256 0.6297767 0.094432406 941 471 > logs_ANN/salida_p08_4
../GA ../Data/DataFiles/p08 131 0.7815849 0.28511548 0.47491756 12 2.3688254 58.939503 11.941748 0.7465491 0.40344256 0.6297767 0.094432406 941 471 > logs_ANN/salida_p08_5
../GA ../Data/DataFiles/p08 683 0.7815849 0.28511548 0.47491756 12 2.3688254 58.939503 11.941748 0.7465491 0.40344256 0.6297767 0.094432406 941 471 > logs_ANN/salida_p08_6
../GA ../Data/DataFiles/p08 788 0.7815849 0.28511548 0.47491756 12 2.3688254 58.939503 11.941748 0.7465491 0.40344256 0.6297767 0.094432406 941 471 > logs_ANN/salida_p08_7
../GA ../Data/DataFiles/p08 433 0.7815849 0.28511548 0.47491756 12 2.3688254 58.939503 11.941748 0.7465491 0.40344256 0.6297767 0.094432406 941 471 > logs_ANN/salida_p08_8
../GA ../Data/DataFiles/p08 302 0.7815849 0.28511548 0.47491756 12 2.3688254 58.939503 11.941748 0.7465491 0.40344256 0.6297767 0.094432406 941 471 > logs_ANN/salida_p08_9
../GA ../Data/DataFiles/p09 810 0.73950285 0.38753992 0.54487175 12 2.1260617 64.38561 11.489205 0.7325923 0.44637495 0.59157705 0.10625828 324 309 > logs_ANN/salida_p09_0
../GA ../Data/DataFiles/p09 658 0.73950285 0.38753992 0.54487175 12 2.1260617 64.38561 11.489205 0.7325923 0.44637495 0.59157705 0.10625828 324 309 > logs_ANN/salida_p09_1
../GA ../Data/DataFiles/p09 25 0.73950285 0.38753992 0.54487175 12 2.1260617 64.38561 11.489205 0.7325923 0.44637495 0.59157705 0.10625828 324 309 > logs_ANN/salida_p09_2
../GA ../Data/DataFiles/p09 762 0.73950285 0.38753992 0.54487175 12 2.1260617 64.38561 11.489205 0.7325923 0.44637495 0.59157705 0.10625828 324 309 > logs_ANN/salida_p09_3
../GA ../Data/DataFiles/p09 341 0.73950285 0.38753992 0.54487175 12 2.1260617 64.38561 11.489205 0.7325923 0.44637495 0.59157705 0.10625828 324 309 > logs_ANN/salida_p09_4
../GA ../Data/DataFiles/p09 420 0.73950285 0.38753992 0.54487175 12 2.1260617 64.38561 11.489205 0.7325923 0.44637495 0.59157705 0.10625828 324 309 > logs_ANN/salida_p09_5
../GA ../Data/DataFiles/p09 958 0.73950285 0.38753992 0.54487175 12 2.1260617 64.38561 11.489205 0.7325923 0.44637495 0.59157705 0.10625828 324 309 > logs_ANN/salida_p09_6
../GA ../Data/DataFiles/p09 538 0.73950285 0.38753992 0.54487175 12 2.1260617 64.38561 11.489205 0.7325923 0.44637495 0.59157705 0.10625828 324 309 > logs_ANN/salida_p09_7
../GA ../Data/DataFiles/p09 5 0.73950285 0.38753992 0.54487175 12 2.1260617 64.38561 11.489205 0.7325923 0.44637495 0.59157705 0.10625828 324 309 > logs_ANN/salida_p09_8
../GA ../Data/DataFiles/p09 38 0.73950285 0.38753992 0.54487175 12 2.1260617 64.38561 11.489205 0.7325923 0.44637495 0.59157705 0.10625828 324 309 > logs_ANN/salida_p09_9
../GA ../Data/DataFiles/p10 36 0.7419178 0.4230974 0.56926507 11 2.2186153 52.327587 10.836419 0.7313407 0.47555354 0.63431025 0.10456756 353 283 > logs_ANN/salida_p10_0
../GA ../Data/DataFiles/p10 677 0.7419178 0.4230974 0.56926507 11 2.2186153 52.327587 10.836419 0.7313407 0.47555354 0.63431025 0.10456756 353 283 > logs_ANN/salida_p10_1
../GA ../Data/DataFiles/p10 172 0.7419178 0.4230974 0.56926507 11 2.2186153 52.327587 10.836419 0.7313407 0.47555354 0.63431025 0.10456756 353 283 > logs_ANN/salida_p10_2
../GA ../Data/DataFiles/p10 329 0.7419178 0.4230974 0.56926507 11 2.2186153 52.327587 10.836419 0.7313407 0.47555354 0.63431025 0.10456756 353 283 > logs_ANN/salida_p10_3
../GA ../Data/DataFiles/p10 215 0.7419178 0.4230974 0.56926507 11 2.2186153 52.327587 10.836419 0.7313407 0.47555354 0.63431025 0.10456756 353 283 > logs_ANN/salida_p10_4
../GA ../Data/DataFiles/p10 589 0.7419178 0.4230974 0.56926507 11 2.2186153 52.327587 10.836419 0.7313407 0.47555354 0.63431025 0.10456756 353 283 > logs_ANN/salida_p10_5
../GA ../Data/DataFiles/p10 938 0.7419178 0.4230974 0.56926507 11 2.2186153 52.327587 10.836419 0.7313407 0.47555354 0.63431025 0.10456756 353 283 > logs_ANN/salida_p10_6
../GA ../Data/DataFiles/p10 181 0.7419178 0.4230974 0.56926507 11 2.2186153 52.327587 10.836419 0.7313407 0.47555354 0.63431025 0.10456756 353 283 > logs_ANN/salida_p10_7
../GA ../Data/DataFiles/p10 659 0.7419178 0.4230974 0.56926507 11 2.2186153 52.327587 10.836419 0.7313407 0.47555354 0.63431025 0.10456756 353 283 > logs_ANN/salida_p10_8
../GA ../Data/DataFiles/p10 990 0.7419178 0.4230974 0.56926507 11 2.2186153 52.327587 10.836419 0.7313407 0.47555354 0.63431025 0.10456756 353 283 > logs_ANN/salida_p10_9
../GA ../Data/DataFiles/p11 619 0.73572296 0.47836775 0.60477185 11 2.1754026 53.48118 10.331271 0.74372005 0.49472326 0.6373186 0.10734079 435 231 > logs_ANN/salida_p11_0
../GA ../Data/DataFiles/p11 84 0.73572296 0.47836775 0.60477185 11 2.1754026 53.48118 10.331271 0.74372005 0.49472326 0.6373186 0.10734079 435 231 > logs_ANN/salida_p11_1
../GA ../Data/DataFiles/p11 357 0.73572296 0.47836775 0.60477185 11 2.1754026 53.48118 10.331271 0.74372005 0.49472326 0.6373186 0.10734079 435 231 > logs_ANN/salida_p11_2
../GA ../Data/DataFiles/p11 885 0.73572296 0.47836775 0.60477185 11 2.1754026 53.48118 10.331271 0.74372005 0.49472326 0.6373186 0.10734079 435 231 > logs_ANN/salida_p11_3
../GA ../Data/DataFiles/p11 606 0.73572296 0.47836775 0.60477185 11 2.1754026 53.48118 10.331271 0.74372005 0.49472326 0.6373186 0.10734079 435 231 > logs_ANN/salida_p11_4
../GA ../Data/DataFiles/p11 266 0.73572296 0.47836775 0.60477185 11 2.1754026 53.48118 10.331271 0.74372005 0.49472326 0.6373186 0.10734079 435 231 > logs_ANN/salida_p11_5
../GA ../Data/DataFiles/p11 970 0.73572296 0.47836775 0.60477185 11 2.1754026 53.48118 10.331271 0.74372005 0.49472326 0.6373186 0.10734079 435 231 > logs_ANN/salida_p11_6
../GA ../Data/DataFiles/p11 733 0.73572296 0.47836775 0.60477185 11 2.1754026 53.48118 10.331271 0.74372005 0.49472326 0.6373186 0.10734079 435 231 > logs_ANN/salida_p11_7
../GA ../Data/DataFiles/p11 30 0.73572296 0.47836775 0.60477185 11 2.1754026 53.48118 10.331271 0.74372005 0.49472326 0.6373186 0.10734079 435 231 > logs_ANN/salida_p11_8
../GA ../Data/DataFiles/p11 413 0.73572296 0.47836775 0.60477185 11 2.1754026 53.48118 10.331271 0.74372005 0.49472326 0.6373186 0.10734079 435 231 > logs_ANN/salida_p11_9
../GA ../Data/DataFiles/p12 385 0.9224098 0.62252223 0.44538537 1 2.0232508 127.59395 2.984009 0.8771392 0.49295583 0.6230381 0.086905695 847 424 > logs_ANN/salida_p12_0
../GA ../Data/DataFiles/p12 745 0.9224098 0.62252223 0.44538537 1 2.0232508 127.59395 2.984009 0.8771392 0.49295583 0.6230381 0.086905695 847 424 > logs_ANN/salida_p12_1
../GA ../Data/DataFiles/p12 972 0.9224098 0.62252223 0.44538537 1 2.0232508 127.59395 2.984009 0.8771392 0.49295583 0.6230381 0.086905695 847 424 > logs_ANN/salida_p12_2
../GA ../Data/DataFiles/p12 853 0.9224098 0.62252223 0.44538537 1 2.0232508 127.59395 2.984009 0.8771392 0.49295583 0.6230381 0.086905695 847 424 > logs_ANN/salida_p12_3
../GA ../Data/DataFiles/p12 794 0.9224098 0.62252223 0.44538537 1 2.0232508 127.59395 2.984009 0.8771392 0.49295583 0.6230381 0.086905695 847 424 > logs_ANN/salida_p12_4
../GA ../Data/DataFiles/p12 648 0.9224098 0.62252223 0.44538537 1 2.0232508 127.59395 2.984009 0.8771392 0.49295583 0.6230381 0.086905695 847 424 > logs_ANN/salida_p12_5
../GA ../Data/DataFiles/p12 56 0.9224098 0.62252223 0.44538537 1 2.0232508 127.59395 2.984009 0.8771392 0.49295583 0.6230381 0.086905695 847 424 > logs_ANN/salida_p12_6
../GA ../Data/DataFiles/p12 155 0.9224098 0.62252223 0.44538537 1 2.0232508 127.59395 2.984009 0.8771392 0.49295583 0.6230381 0.086905695 847 424 > logs_ANN/salida_p12_7
../GA ../Data/DataFiles/p12 692 0.9224098 0.62252223 0.44538537 1 2.0232508 127.59395 2.984009 0.8771392 0.49295583 0.6230381 0.086905695 847 424 > logs_ANN/salida_p12_8
../GA ../Data/DataFiles/p12 280 0.9224098 0.62252223 0.44538537 1 2.0232508 127.59395 2.984009 0.8771392 0.49295583 0.6230381 0.086905695 847 424 > logs_ANN/salida_p12_9
../GA ../Data/DataFiles/p13 603 0.9224098 0.62252223 0.44538537 1 2.0232508 127.59395 2.984009 0.8771392 0.49295583 0.6230381 0.086905695 847 424 > logs_ANN/salida_p13_0
../GA ../Data/DataFiles/p13 331 0.9224098 0.62252223 0.44538537 1 2.0232508 127.59395 2.984009 0.8771392 0.49295583 0.6230381 0.086905695 847 424 > logs_ANN/salida_p13_1
../GA ../Data/DataFiles/p13 524 0.9224098 0.62252223 0.44538537 1 2.0232508 127.59395 2.984009 0.8771392 0.49295583 0.6230381 0.086905695 847 424 > logs_ANN/salida_p13_2
../GA ../Data/DataFiles/p13 115 0.9224098 0.62252223 0.44538537 1 2.0232508 127.59395 2.984009 0.8771392 0.49295583 0.6230381 0.086905695 847 424 > logs_ANN/salida_p13_3
../GA ../Data/DataFiles/p13 239 0.9224098 0.62252223 0.44538537 1 2.0232508 127.59395 2.984009 0.8771392 0.49295583 0.6230381 0.086905695 847 424 > logs_ANN/salida_p13_4
../GA ../Data/DataFiles/p13 795 0.9224098 0.62252223 0.44538537 1 2.0232508 127.59395 2.984009 0.8771392 0.49295583 0.6230381 0.086905695 847 424 > logs_ANN/salida_p13_5
../GA ../Data/DataFiles/p13 699 0.9224098 0.62252223 0.44538537 1 2.0232508 127.59395 2.984009 0.8771392 0.49295583 0.6230381 0.086905695 847 424 > logs_ANN/salida_p13_6
../GA ../Data/DataFiles/p13 341 0.9224098 0.62252223 0.44538537 1 2.0232508 127.59395 2.984009 0.8771392 0.49295583 0.6230381 0.086905695 847 424 > logs_ANN/salida_p13_7
../GA ../Data/DataFiles/p13 625 0.9224098 0.62252223 0.44538537 1 2.0232508 127.59395 2.984009 0.8771392 0.49295583 0.6230381 0.086905695 847 424 > logs_ANN/salida_p13_8
../GA ../Data/DataFiles/p13 43 0.9224098 0.62252223 0.44538537 1 2.0232508 127.59395 2.984009 0.8771392 0.49295583 0.6230381 0.086905695 847 424 > logs_ANN/salida_p13_9
../GA ../Data/DataFiles/p14 356 0.9224098 0.62252223 0.44538537 1 2.0232508 127.59395 2.984009 0.8771392 0.49295583 0.6230381 0.086905695 847 424 > logs_ANN/salida_p14_0
../GA ../Data/DataFiles/p14 861 0.9224098 0.62252223 0.44538537 1 2.0232508 127.59395 2.984009 0.8771392 0.49295583 0.6230381 0.086905695 847 424 > logs_ANN/salida_p14_1
../GA ../Data/DataFiles/p14 636 0.9224098 0.62252223 0.44538537 1 2.0232508 127.59395 2.984009 0.8771392 0.49295583 0.6230381 0.086905695 847 424 > logs_ANN/salida_p14_2
../GA ../Data/DataFiles/p14 353 0.9224098 0.62252223 0.44538537 1 2.0232508 127.59395 2.984009 0.8771392 0.49295583 0.6230381 0.086905695 847 424 > logs_ANN/salida_p14_3
../GA ../Data/DataFiles/p14 482 0.9224098 0.62252223 0.44538537 1 2.0232508 127.59395 2.984009 0.8771392 0.49295583 0.6230381 0.086905695 847 424 > logs_ANN/salida_p14_4
../GA ../Data/DataFiles/p14 633 0.9224098 0.62252223 0.44538537 1 2.0232508 127.59395 2.984009 0.8771392 0.49295583 0.6230381 0.086905695 847 424 > logs_ANN/salida_p14_5
../GA ../Data/DataFiles/p14 612 0.9224098 0.62252223 0.44538537 1 2.0232508 127.59395 2.984009 0.8771392 0.49295583 0.6230381 0.086905695 847 424 > logs_ANN/salida_p14_6
../GA ../Data/DataFiles/p14 12 0.9224098 0.62252223 0.44538537 1 2.0232508 127.59395 2.984009 0.8771392 0.49295583 0.6230381 0.086905695 847 424 > logs_ANN/salida_p14_7
../GA ../Data/DataFiles/p14 151 0.9224098 0.62252223 0.44538537 1 2.0232508 127.59395 2.984009 0.8771392 0.49295583 0.6230381 0.086905695 847 424 > logs_ANN/salida_p14_8
../GA ../Data/DataFiles/p14 117 0.9224098 0.62252223 0.44538537 1 2.0232508 127.59395 2.984009 0.8771392 0.49295583 0.6230381 0.086905695 847 424 > logs_ANN/salida_p14_9
../GA ../Data/DataFiles/p15 250 0.96945673 0.6219422 0.53981006 1 1.5203608 137.7822 0.680297 0.8776274 0.5192166 0.6037165 0.1019795 606 166 > logs_ANN/salida_p15_0
../GA ../Data/DataFiles/p15 418 0.96945673 0.6219422 0.53981006 1 1.5203608 137.7822 0.680297 0.8776274 0.5192166 0.6037165 0.1019795 606 166 > logs_ANN/salida_p15_1
../GA ../Data/DataFiles/p15 561 0.96945673 0.6219422 0.53981006 1 1.5203608 137.7822 0.680297 0.8776274 0.5192166 0.6037165 0.1019795 606 166 > logs_ANN/salida_p15_2
../GA ../Data/DataFiles/p15 844 0.96945673 0.6219422 0.53981006 1 1.5203608 137.7822 0.680297 0.8776274 0.5192166 0.6037165 0.1019795 606 166 > logs_ANN/salida_p15_3
../GA ../Data/DataFiles/p15 969 0.96945673 0.6219422 0.53981006 1 1.5203608 137.7822 0.680297 0.8776274 0.5192166 0.6037165 0.1019795 606 166 > logs_ANN/salida_p15_4
../GA ../Data/DataFiles/p15 900 0.96945673 0.6219422 0.53981006 1 1.5203608 137.7822 0.680297 0.8776274 0.5192166 0.6037165 0.1019795 606 166 > logs_ANN/salida_p15_5
../GA ../Data/DataFiles/p15 324 0.96945673 0.6219422 0.53981006 1 1.5203608 137.7822 0.680297 0.8776274 0.5192166 0.6037165 0.1019795 606 166 > logs_ANN/salida_p15_6
../GA ../Data/DataFiles/p15 770 0.96945673 0.6219422 0.53981006 1 1.5203608 137.7822 0.680297 0.8776274 0.5192166 0.6037165 0.1019795 606 166 > logs_ANN/salida_p15_7
../GA ../Data/DataFiles/p15 685 0.96945673 0.6219422 0.53981006 1 1.5203608 137.7822 0.680297 0.8776274 0.5192166 0.6037165 0.1019795 606 166 > logs_ANN/salida_p15_8
../GA ../Data/DataFiles/p15 722 0.96945673 0.6219422 0.53981006 1 1.5203608 137.7822 0.680297 0.8776274 0.5192166 0.6037165 0.1019795 606 166 > logs_ANN/salida_p15_9
../GA ../Data/DataFiles/p16 990 0.96945673 0.6219422 0.53981006 1 1.5203608 137.7822 0.680297 0.8776274 0.5192166 0.6037165 0.1019795 606 166 > logs_ANN/salida_p16_0
../GA ../Data/DataFiles/p16 10 0.96945673 0.6219422 0.53981006 1 1.5203608 137.7822 0.680297 0.8776274 0.5192166 0.6037165 0.1019795 606 166 > logs_ANN/salida_p16_1
../GA ../Data/DataFiles/p16 863 0.96945673 0.6219422 0.53981006 1 1.5203608 137.7822 0.680297 0.8776274 0.5192166 0.6037165 0.1019795 606 166 > logs_ANN/salida_p16_2
../GA ../Data/DataFiles/p16 48 0.96945673 0.6219422 0.53981006 1 1.5203608 137.7822 0.680297 0.8776274 0.5192166 0.6037165 0.1019795 606 166 > logs_ANN/salida_p16_3
../GA ../Data/DataFiles/p16 308 0.96945673 0.6219422 0.53981006 1 1.5203608 137.7822 0.680297 0.8776274 0.5192166 0.6037165 0.1019795 606 166 > logs_ANN/salida_p16_4
../GA ../Data/DataFiles/p16 485 0.96945673 0.6219422 0.53981006 1 1.5203608 137.7822 0.680297 0.8776274 0.5192166 0.6037165 0.1019795 606 166 > logs_ANN/salida_p16_5
../GA ../Data/DataFiles/p16 488 0.96945673 0.6219422 0.53981006 1 1.5203608 137.7822 0.680297 0.8776274 0.5192166 0.6037165 0.1019795 606 166 > logs_ANN/salida_p16_6
../GA ../Data/DataFiles/p16 505 0.96945673 0.6219422 0.53981006 1 1.5203608 137.7822 0.680297 0.8776274 0.5192166 0.6037165 0.1019795 606 166 > logs_ANN/salida_p16_7
../GA ../Data/DataFiles/p16 722 0.96945673 0.6219422 0.53981006 1 1.5203608 137.7822 0.680297 0.8776274 0.5192166 0.6037165 0.1019795 606 166 > logs_ANN/salida_p16_8
../GA ../Data/DataFiles/p16 999 0.96945673 0.6219422 0.53981006 1 1.5203608 137.7822 0.680297 0.8776274 0.5192166 0.6037165 0.1019795 606 166 > logs_ANN/salida_p16_9
../GA ../Data/DataFiles/p17 261 0.96945673 0.6219422 0.53981006 1 1.5203608 137.7822 0.680297 0.8776274 0.5192166 0.6037165 0.1019795 606 166 > logs_ANN/salida_p17_0
../GA ../Data/DataFiles/p17 747 0.96945673 0.6219422 0.53981006 1 1.5203608 137.7822 0.680297 0.8776274 0.5192166 0.6037165 0.1019795 606 166 > logs_ANN/salida_p17_1
../GA ../Data/DataFiles/p17 254 0.96945673 0.6219422 0.53981006 1 1.5203608 137.7822 0.680297 0.8776274 0.5192166 0.6037165 0.1019795 606 166 > logs_ANN/salida_p17_2
../GA ../Data/DataFiles/p17 208 0.96945673 0.6219422 0.53981006 1 1.5203608 137.7822 0.680297 0.8776274 0.5192166 0.6037165 0.1019795 606 166 > logs_ANN/salida_p17_3
../GA ../Data/DataFiles/p17 907 0.96945673 0.6219422 0.53981006 1 1.5203608 137.7822 0.680297 0.8776274 0.5192166 0.6037165 0.1019795 606 166 > logs_ANN/salida_p17_4
../GA ../Data/DataFiles/p17 192 0.96945673 0.6219422 0.53981006 1 1.5203608 137.7822 0.680297 0.8776274 0.5192166 0.6037165 0.1019795 606 166 > logs_ANN/salida_p17_5
../GA ../Data/DataFiles/p17 780 0.96945673 0.6219422 0.53981006 1 1.5203608 137.7822 0.680297 0.8776274 0.5192166 0.6037165 0.1019795 606 166 > logs_ANN/salida_p17_6
../GA ../Data/DataFiles/p17 718 0.96945673 0.6219422 0.53981006 1 1.5203608 137.7822 0.680297 0.8776274 0.5192166 0.6037165 0.1019795 606 166 > logs_ANN/salida_p17_7
../GA ../Data/DataFiles/p17 202 0.96945673 0.6219422 0.53981006 1 1.5203608 137.7822 0.680297 0.8776274 0.5192166 0.6037165 0.1019795 606 166 > logs_ANN/salida_p17_8
../GA ../Data/DataFiles/p17 974 0.96945673 0.6219422 0.53981006 1 1.5203608 137.7822 0.680297 0.8776274 0.5192166 0.6037165 0.1019795 606 166 > logs_ANN/salida_p17_9
../GA ../Data/DataFiles/p18 842 0.869056 0.6112516 0.58387035 2 1.5708396 120.58819 1.0280445 0.84674776 0.5827006 0.588633 0.10371929 1176 86 > logs_ANN/salida_p18_0
../GA ../Data/DataFiles/p18 320 0.869056 0.6112516 0.58387035 2 1.5708396 120.58819 1.0280445 0.84674776 0.5827006 0.588633 0.10371929 1176 86 > logs_ANN/salida_p18_1
../GA ../Data/DataFiles/p18 291 0.869056 0.6112516 0.58387035 2 1.5708396 120.58819 1.0280445 0.84674776 0.5827006 0.588633 0.10371929 1176 86 > logs_ANN/salida_p18_2
../GA ../Data/DataFiles/p18 226 0.869056 0.6112516 0.58387035 2 1.5708396 120.58819 1.0280445 0.84674776 0.5827006 0.588633 0.10371929 1176 86 > logs_ANN/salida_p18_3
../GA ../Data/DataFiles/p18 774 0.869056 0.6112516 0.58387035 2 1.5708396 120.58819 1.0280445 0.84674776 0.5827006 0.588633 0.10371929 1176 86 > logs_ANN/salida_p18_4
../GA ../Data/DataFiles/p18 223 0.869056 0.6112516 0.58387035 2 1.5708396 120.58819 1.0280445 0.84674776 0.5827006 0.588633 0.10371929 1176 86 > logs_ANN/salida_p18_5
../GA ../Data/DataFiles/p18 674 0.869056 0.6112516 0.58387035 2 1.5708396 120.58819 1.0280445 0.84674776 0.5827006 0.588633 0.10371929 1176 86 > logs_ANN/salida_p18_6
../GA ../Data/DataFiles/p18 769 0.869056 0.6112516 0.58387035 2 1.5708396 120.58819 1.0280445 0.84674776 0.5827006 0.588633 0.10371929 1176 86 > logs_ANN/salida_p18_7
../GA ../Data/DataFiles/p18 948 0.869056 0.6112516 0.58387035 2 1.5708396 120.58819 1.0280445 0.84674776 0.5827006 0.588633 0.10371929 1176 86 > logs_ANN/salida_p18_8
../GA ../Data/DataFiles/p18 361 0.869056 0.6112516 0.58387035 2 1.5708396 120.58819 1.0280445 0.84674776 0.5827006 0.588633 0.10371929 1176 86 > logs_ANN/salida_p18_9
../GA ../Data/DataFiles/p19 822 0.869056 0.6112516 0.58387035 2 1.5708396 120.58819 1.0280445 0.84674776 0.5827006 0.588633 0.10371929 1176 86 > logs_ANN/salida_p19_0
../GA ../Data/DataFiles/p19 611 0.869056 0.6112516 0.58387035 2 1.5708396 120.58819 1.0280445 0.84674776 0.5827006 0.588633 0.10371929 1176 86 > logs_ANN/salida_p19_1
../GA ../Data/DataFiles/p19 659 0.869056 0.6112516 0.58387035 2 1.5708396 120.58819 1.0280445 0.84674776 0.5827006 0.588633 0.10371929 1176 86 > logs_ANN/salida_p19_2
../GA ../Data/DataFiles/p19 658 0.869056 0.6112516 0.58387035 2 1.5708396 120.58819 1.0280445 0.84674776 0.5827006 0.588633 0.10371929 1176 86 > logs_ANN/salida_p19_3
../GA ../Data/DataFiles/p19 990 0.869056 0.6112516 0.58387035 2 1.5708396 120.58819 1.0280445 0.84674776 0.5827006 0.588633 0.10371929 1176 86 > logs_ANN/salida_p19_4
../GA ../Data/DataFiles/p19 41 0.869056 0.6112516 0.58387035 2 1.5708396 120.58819 1.0280445 0.84674776 0.5827006 0.588633 0.10371929 1176 86 > logs_ANN/salida_p19_5
../GA ../Data/DataFiles/p19 561 0.869056 0.6112516 0.58387035 2 1.5708396 120.58819 1.0280445 0.84674776 0.5827006 0.588633 0.10371929 1176 86 > logs_ANN/salida_p19_6
../GA ../Data/DataFiles/p19 691 0.869056 0.6112516 0.58387035 2 1.5708396 120.58819 1.0280445 0.84674776 0.5827006 0.588633 0.10371929 1176 86 > logs_ANN/salida_p19_7
../GA ../Data/DataFiles/p19 667 0.869056 0.6112516 0.58387035 2 1.5708396 120.58819 1.0280445 0.84674776 0.5827006 0.588633 0.10371929 1176 86 > logs_ANN/salida_p19_8
../GA ../Data/DataFiles/p19 974 0.869056 0.6112516 0.58387035 2 1.5708396 120.58819 1.0280445 0.84674776 0.5827006 0.588633 0.10371929 1176 86 > logs_ANN/salida_p19_9
../GA ../Data/DataFiles/p20 971 0.869056 0.6112516 0.58387035 2 1.5708396 120.58819 1.0280445 0.84674776 0.5827006 0.588633 0.10371929 1176 86 > logs_ANN/salida_p20_0
../GA ../Data/DataFiles/p20 885 0.869056 0.6112516 0.58387035 2 1.5708396 120.58819 1.0280445 0.84674776 0.5827006 0.588633 0.10371929 1176 86 > logs_ANN/salida_p20_1
../GA ../Data/DataFiles/p20 835 0.869056 0.6112516 0.58387035 2 1.5708396 120.58819 1.0280445 0.84674776 0.5827006 0.588633 0.10371929 1176 86 > logs_ANN/salida_p20_2
../GA ../Data/DataFiles/p20 584 0.869056 0.6112516 0.58387035 2 1.5708396 120.58819 1.0280445 0.84674776 0.5827006 0.588633 0.10371929 1176 86 > logs_ANN/salida_p20_3
../GA ../Data/DataFiles/p20 774 0.869056 0.6112516 0.58387035 2 1.5708396 120.58819 1.0280445 0.84674776 0.5827006 0.588633 0.10371929 1176 86 > logs_ANN/salida_p20_4
../GA ../Data/DataFiles/p20 884 0.869056 0.6112516 0.58387035 2 1.5708396 120.58819 1.0280445 0.84674776 0.5827006 0.588633 0.10371929 1176 86 > logs_ANN/salida_p20_5
../GA ../Data/DataFiles/p20 577 0.869056 0.6112516 0.58387035 2 1.5708396 120.58819 1.0280445 0.84674776 0.5827006 0.588633 0.10371929 1176 86 > logs_ANN/salida_p20_6
../GA ../Data/DataFiles/p20 15 0.869056 0.6112516 0.58387035 2 1.5708396 120.58819 1.0280445 0.84674776 0.5827006 0.588633 0.10371929 1176 86 > logs_ANN/salida_p20_7
../GA ../Data/DataFiles/p20 784 0.869056 0.6112516 0.58387035 2 1.5708396 120.58819 1.0280445 0.84674776 0.5827006 0.588633 0.10371929 1176 86 > logs_ANN/salida_p20_8
../GA ../Data/DataFiles/p20 718 0.869056 0.6112516 0.58387035 2 1.5708396 120.58819 1.0280445 0.84674776 0.5827006 0.588633 0.10371929 1176 86 > logs_ANN/salida_p20_9
../GA ../Data/DataFiles/p21 282 0.73868734 0.6027106 0.62670714 5 1.845035 91.91135 3.2479713 0.80434334 0.65097445 0.58005077 0.10079836 2564 40 > logs_ANN/salida_p21_0
../GA ../Data/DataFiles/p21 299 0.73868734 0.6027106 0.62670714 5 1.845035 91.91135 3.2479713 0.80434334 0.65097445 0.58005077 0.10079836 2564 40 > logs_ANN/salida_p21_1
../GA ../Data/DataFiles/p21 994 0.73868734 0.6027106 0.62670714 5 1.845035 91.91135 3.2479713 0.80434334 0.65097445 0.58005077 0.10079836 2564 40 > logs_ANN/salida_p21_2
../GA ../Data/DataFiles/p21 695 0.73868734 0.6027106 0.62670714 5 1.845035 91.91135 3.2479713 0.80434334 0.65097445 0.58005077 0.10079836 2564 40 > logs_ANN/salida_p21_3
../GA ../Data/DataFiles/p21 932 0.73868734 0.6027106 0.62670714 5 1.845035 91.91135 3.2479713 0.80434334 0.65097445 0.58005077 0.10079836 2564 40 > logs_ANN/salida_p21_4
../GA ../Data/DataFiles/p21 699 0.73868734 0.6027106 0.62670714 5 1.845035 91.91135 3.2479713 0.80434334 0.65097445 0.58005077 0.10079836 2564 40 > logs_ANN/salida_p21_5
../GA ../Data/DataFiles/p21 989 0.73868734 0.6027106 0.62670714 5 1.845035 91.91135 3.2479713 0.80434334 0.65097445 0.58005077 0.10079836 2564 40 > logs_ANN/salida_p21_6
../GA ../Data/DataFiles/p21 486 0.73868734 0.6027106 0.62670714 5 1.845035 91.91135 3.2479713 0.80434334 0.65097445 0.58005077 0.10079836 2564 40 > logs_ANN/salida_p21_7
../GA ../Data/DataFiles/p21 738 0.73868734 0.6027106 0.62670714 5 1.845035 91.91135 3.2479713 0.80434334 0.65097445 0.58005077 0.10079836 2564 40 > logs_ANN/salida_p21_8
../GA ../Data/DataFiles/p21 279 0.73868734 0.6027106 0.62670714 5 1.845035 91.91135 3.2479713 0.80434334 0.65097445 0.58005077 0.10079836 2564 40 > logs_ANN/salida_p21_9
../GA ../Data/DataFiles/p22 478 0.73868734 0.6027106 0.62670714 5 1.845035 91.91135 3.2479713 0.80434334 0.65097445 0.58005077 0.10079836 2564 40 > logs_ANN/salida_p22_0
../GA ../Data/DataFiles/p22 875 0.73868734 0.6027106 0.62670714 5 1.845035 91.91135 3.2479713 0.80434334 0.65097445 0.58005077 0.10079836 2564 40 > logs_ANN/salida_p22_1
../GA ../Data/DataFiles/p22 14 0.73868734 0.6027106 0.62670714 5 1.845035 91.91135 3.2479713 0.80434334 0.65097445 0.58005077 0.10079836 2564 40 > logs_ANN/salida_p22_2
../GA ../Data/DataFiles/p22 505 0.73868734 0.6027106 0.62670714 5 1.845035 91.91135 3.2479713 0.80434334 0.65097445 0.58005077 0.10079836 2564 40 > logs_ANN/salida_p22_3
../GA ../Data/DataFiles/p22 343 0.73868734 0.6027106 0.62670714 5 1.845035 91.91135 3.2479713 0.80434334 0.65097445 0.58005077 0.10079836 2564 40 > logs_ANN/salida_p22_4
../GA ../Data/DataFiles/p22 875 0.73868734 0.6027106 0.62670714 5 1.845035 91.91135 3.2479713 0.80434334 0.65097445 0.58005077 0.10079836 2564 40 > logs_ANN/salida_p22_5
../GA ../Data/DataFiles/p22 922 0.73868734 0.6027106 0.62670714 5 1.845035 91.91135 3.2479713 0.80434334 0.65097445 0.58005077 0.10079836 2564 40 > logs_ANN/salida_p22_6
../GA ../Data/DataFiles/p22 769 0.73868734 0.6027106 0.62670714 5 1.845035 91.91135 3.2479713 0.80434334 0.65097445 0.58005077 0.10079836 2564 40 > logs_ANN/salida_p22_7
../GA ../Data/DataFiles/p22 126 0.73868734 0.6027106 0.62670714 5 1.845035 91.91135 3.2479713 0.80434334 0.65097445 0.58005077 0.10079836 2564 40 > logs_ANN/salida_p22_8
../GA ../Data/DataFiles/p22 812 0.73868734 0.6027106 0.62670714 5 1.845035 91.91135 3.2479713 0.80434334 0.65097445 0.58005077 0.10079836 2564 40 > logs_ANN/salida_p22_9
../GA ../Data/DataFiles/p23 386 0.73868734 0.60271055 0.6267071 5 1.8450344 91.91134 3.247971 0.80434334 0.6509745 0.5800507 0.10079835 2564 40 > logs_ANN/salida_p23_0
../GA ../Data/DataFiles/p23 997 0.73868734 0.60271055 0.6267071 5 1.8450344 91.91134 3.247971 0.80434334 0.6509745 0.5800507 0.10079835 2564 40 > logs_ANN/salida_p23_1
../GA ../Data/DataFiles/p23 176 0.73868734 0.60271055 0.6267071 5 1.8450344 91.91134 3.247971 0.80434334 0.6509745 0.5800507 0.10079835 2564 40 > logs_ANN/salida_p23_2
../GA ../Data/DataFiles/p23 846 0.73868734 0.60271055 0.6267071 5 1.8450344 91.91134 3.247971 0.80434334 0.6509745 0.5800507 0.10079835 2564 40 > logs_ANN/salida_p23_3
../GA ../Data/DataFiles/p23 169 0.73868734 0.60271055 0.6267071 5 1.8450344 91.91134 3.247971 0.80434334 0.6509745 0.5800507 0.10079835 2564 40 > logs_ANN/salida_p23_4
../GA ../Data/DataFiles/p23 435 0.73868734 0.60271055 0.6267071 5 1.8450344 91.91134 3.247971 0.80434334 0.6509745 0.5800507 0.10079835 2564 40 > logs_ANN/salida_p23_5
../GA ../Data/DataFiles/p23 43 0.73868734 0.60271055 0.6267071 5 1.8450344 91.91134 3.247971 0.80434334 0.6509745 0.5800507 0.10079835 2564 40 > logs_ANN/salida_p23_6
../GA ../Data/DataFiles/p23 883 0.73868734 0.60271055 0.6267071 5 1.8450344 91.91134 3.247971 0.80434334 0.6509745 0.5800507 0.10079835 2564 40 > logs_ANN/salida_p23_7
../GA ../Data/DataFiles/p23 907 0.73868734 0.60271055 0.6267071 5 1.8450344 91.91134 3.247971 0.80434334 0.6509745 0.5800507 0.10079835 2564 40 > logs_ANN/salida_p23_8
../GA ../Data/DataFiles/p23 40 0.73868734 0.60271055 0.6267071 5 1.8450344 91.91134 3.247971 0.80434334 0.6509745 0.5800507 0.10079835 2564 40 > logs_ANN/salida_p23_9
