../GA ../Data/DataFiles/pr01 946 0.7472 0.5194 0.4833 6 1.8056 85.0 1.3356 0.8444 0.6106 0.4022 0.0989 811 406 > logs_KNN/salida_pr01_0
../GA ../Data/DataFiles/pr01 293 0.7472 0.5194 0.4833 6 1.8056 85.0 1.3356 0.8444 0.6106 0.4022 0.0989 811 406 > logs_KNN/salida_pr01_1
../GA ../Data/DataFiles/pr01 937 0.7472 0.5194 0.4833 6 1.8056 85.0 1.3356 0.8444 0.6106 0.4022 0.0989 811 406 > logs_KNN/salida_pr01_2
../GA ../Data/DataFiles/pr01 480 0.7472 0.5194 0.4833 6 1.8056 85.0 1.3356 0.8444 0.6106 0.4022 0.0989 811 406 > logs_KNN/salida_pr01_3
../GA ../Data/DataFiles/pr01 663 0.7472 0.5194 0.4833 6 1.8056 85.0 1.3356 0.8444 0.6106 0.4022 0.0989 811 406 > logs_KNN/salida_pr01_4
../GA ../Data/DataFiles/pr01 237 0.7472 0.5194 0.4833 6 1.8056 85.0 1.3356 0.8444 0.6106 0.4022 0.0989 811 406 > logs_KNN/salida_pr01_5
../GA ../Data/DataFiles/pr01 321 0.7472 0.5194 0.4833 6 1.8056 85.0 1.3356 0.8444 0.6106 0.4022 0.0989 811 406 > logs_KNN/salida_pr01_6
../GA ../Data/DataFiles/pr01 805 0.7472 0.5194 0.4833 6 1.8056 85.0 1.3356 0.8444 0.6106 0.4022 0.0989 811 406 > logs_KNN/salida_pr01_7
../GA ../Data/DataFiles/pr01 421 0.7472 0.5194 0.4833 6 1.8056 85.0 1.3356 0.8444 0.6106 0.4022 0.0989 811 406 > logs_KNN/salida_pr01_8
../GA ../Data/DataFiles/pr01 97 0.7472 0.5194 0.4833 6 1.8056 85.0 1.3356 0.8444 0.6106 0.4022 0.0989 811 406 > logs_KNN/salida_pr01_9
../GA ../Data/DataFiles/pr02 21 0.9444 0.6306 0.6 8 1.3889 87.7778 3.0379 0.7389 0.5411 0.6061 0.1389 565 178 > logs_KNN/salida_pr02_0
../GA ../Data/DataFiles/pr02 652 0.9444 0.6306 0.6 8 1.3889 87.7778 3.0379 0.7389 0.5411 0.6061 0.1389 565 178 > logs_KNN/salida_pr02_1
../GA ../Data/DataFiles/pr02 36 0.9444 0.6306 0.6 8 1.3889 87.7778 3.0379 0.7389 0.5411 0.6061 0.1389 565 178 > logs_KNN/salida_pr02_2
../GA ../Data/DataFiles/pr02 80 0.9444 0.6306 0.6 8 1.3889 87.7778 3.0379 0.7389 0.5411 0.6061 0.1389 565 178 > logs_KNN/salida_pr02_3
../GA ../Data/DataFiles/pr02 968 0.9444 0.6306 0.6 8 1.3889 87.7778 3.0379 0.7389 0.5411 0.6061 0.1389 565 178 > logs_KNN/salida_pr02_4
../GA ../Data/DataFiles/pr02 263 0.9444 0.6306 0.6 8 1.3889 87.7778 3.0379 0.7389 0.5411 0.6061 0.1389 565 178 > logs_KNN/salida_pr02_5
../GA ../Data/DataFiles/pr02 191 0.9444 0.6306 0.6 8 1.3889 87.7778 3.0379 0.7389 0.5411 0.6061 0.1389 565 178 > logs_KNN/salida_pr02_6
../GA ../Data/DataFiles/pr02 398 0.9444 0.6306 0.6 8 1.3889 87.7778 3.0379 0.7389 0.5411 0.6061 0.1389 565 178 > logs_KNN/salida_pr02_7
../GA ../Data/DataFiles/pr02 998 0.9444 0.6306 0.6 8 1.3889 87.7778 3.0379 0.7389 0.5411 0.6061 0.1389 565 178 > logs_KNN/salida_pr02_8
../GA ../Data/DataFiles/pr02 9 0.9444 0.6306 0.6 8 1.3889 87.7778 3.0379 0.7389 0.5411 0.6061 0.1389 565 178 > logs_KNN/salida_pr02_9
../GA ../Data/DataFiles/pr03 707 0.8722 0.6444 0.5694 8 1.4444 98.3333 1.3829 0.7611 0.5594 0.5922 0.1389 333 300 > logs_KNN/salida_pr03_0
../GA ../Data/DataFiles/pr03 117 0.8722 0.6444 0.5694 8 1.4444 98.3333 1.3829 0.7611 0.5594 0.5922 0.1389 333 300 > logs_KNN/salida_pr03_1
../GA ../Data/DataFiles/pr03 829 0.8722 0.6444 0.5694 8 1.4444 98.3333 1.3829 0.7611 0.5594 0.5922 0.1389 333 300 > logs_KNN/salida_pr03_2
../GA ../Data/DataFiles/pr03 891 0.8722 0.6444 0.5694 8 1.4444 98.3333 1.3829 0.7611 0.5594 0.5922 0.1389 333 300 > logs_KNN/salida_pr03_3
../GA ../Data/DataFiles/pr03 311 0.8722 0.6444 0.5694 8 1.4444 98.3333 1.3829 0.7611 0.5594 0.5922 0.1389 333 300 > logs_KNN/salida_pr03_4
../GA ../Data/DataFiles/pr03 954 0.8722 0.6444 0.5694 8 1.4444 98.3333 1.3829 0.7611 0.5594 0.5922 0.1389 333 300 > logs_KNN/salida_pr03_5
../GA ../Data/DataFiles/pr03 672 0.8722 0.6444 0.5694 8 1.4444 98.3333 1.3829 0.7611 0.5594 0.5922 0.1389 333 300 > logs_KNN/salida_pr03_6
../GA ../Data/DataFiles/pr03 934 0.8722 0.6444 0.5694 8 1.4444 98.3333 1.3829 0.7611 0.5594 0.5922 0.1389 333 300 > logs_KNN/salida_pr03_7
../GA ../Data/DataFiles/pr03 890 0.8722 0.6444 0.5694 8 1.4444 98.3333 1.3829 0.7611 0.5594 0.5922 0.1389 333 300 > logs_KNN/salida_pr03_8
../GA ../Data/DataFiles/pr03 585 0.8722 0.6444 0.5694 8 1.4444 98.3333 1.3829 0.7611 0.5594 0.5922 0.1389 333 300 > logs_KNN/salida_pr03_9
../GA ../Data/DataFiles/pr04 627 0.9444 0.675 0.6 8 1.4444 82.7778 3.0379 0.7611 0.5178 0.6061 0.1417 546 183 > logs_KNN/salida_pr04_0
../GA ../Data/DataFiles/pr04 581 0.9444 0.675 0.6 8 1.4444 82.7778 3.0379 0.7611 0.5178 0.6061 0.1417 546 183 > logs_KNN/salida_pr04_1
../GA ../Data/DataFiles/pr04 697 0.9444 0.675 0.6 8 1.4444 82.7778 3.0379 0.7611 0.5178 0.6061 0.1417 546 183 > logs_KNN/salida_pr04_2
../GA ../Data/DataFiles/pr04 322 0.9444 0.675 0.6 8 1.4444 82.7778 3.0379 0.7611 0.5178 0.6061 0.1417 546 183 > logs_KNN/salida_pr04_3
../GA ../Data/DataFiles/pr04 250 0.9444 0.675 0.6 8 1.4444 82.7778 3.0379 0.7611 0.5178 0.6061 0.1417 546 183 > logs_KNN/salida_pr04_4
../GA ../Data/DataFiles/pr04 75 0.9444 0.675 0.6 8 1.4444 82.7778 3.0379 0.7611 0.5178 0.6061 0.1417 546 183 > logs_KNN/salida_pr04_5
../GA ../Data/DataFiles/pr04 446 0.9444 0.675 0.6 8 1.4444 82.7778 3.0379 0.7611 0.5178 0.6061 0.1417 546 183 > logs_KNN/salida_pr04_6
../GA ../Data/DataFiles/pr04 856 0.9444 0.675 0.6 8 1.4444 82.7778 3.0379 0.7611 0.5178 0.6061 0.1417 546 183 > logs_KNN/salida_pr04_7
../GA ../Data/DataFiles/pr04 410 0.9444 0.675 0.6 8 1.4444 82.7778 3.0379 0.7611 0.5178 0.6061 0.1417 546 183 > logs_KNN/salida_pr04_8
../GA ../Data/DataFiles/pr04 77 0.9444 0.675 0.6 8 1.4444 82.7778 3.0379 0.7611 0.5178 0.6061 0.1417 546 183 > logs_KNN/salida_pr04_9
../GA ../Data/DataFiles/pr05 799 0.9444 0.675 0.6 8 1.4444 82.7778 3.0379 0.7611 0.5178 0.6061 0.1417 546 183 > logs_KNN/salida_pr05_0
../GA ../Data/DataFiles/pr05 420 0.9444 0.675 0.6 8 1.4444 82.7778 3.0379 0.7611 0.5178 0.6061 0.1417 546 183 > logs_KNN/salida_pr05_1
../GA ../Data/DataFiles/pr05 441 0.9444 0.675 0.6 8 1.4444 82.7778 3.0379 0.7611 0.5178 0.6061 0.1417 546 183 > logs_KNN/salida_pr05_2
../GA ../Data/DataFiles/pr05 294 0.9444 0.675 0.6 8 1.4444 82.7778 3.0379 0.7611 0.5178 0.6061 0.1417 546 183 > logs_KNN/salida_pr05_3
../GA ../Data/DataFiles/pr05 254 0.9444 0.675 0.6 8 1.4444 82.7778 3.0379 0.7611 0.5178 0.6061 0.1417 546 183 > logs_KNN/salida_pr05_4
../GA ../Data/DataFiles/pr05 784 0.9444 0.675 0.6 8 1.4444 82.7778 3.0379 0.7611 0.5178 0.6061 0.1417 546 183 > logs_KNN/salida_pr05_5
../GA ../Data/DataFiles/pr05 327 0.9444 0.675 0.6 8 1.4444 82.7778 3.0379 0.7611 0.5178 0.6061 0.1417 546 183 > logs_KNN/salida_pr05_6
../GA ../Data/DataFiles/pr05 446 0.9444 0.675 0.6 8 1.4444 82.7778 3.0379 0.7611 0.5178 0.6061 0.1417 546 183 > logs_KNN/salida_pr05_7
../GA ../Data/DataFiles/pr05 449 0.9444 0.675 0.6 8 1.4444 82.7778 3.0379 0.7611 0.5178 0.6061 0.1417 546 183 > logs_KNN/salida_pr05_8
../GA ../Data/DataFiles/pr05 470 0.9444 0.675 0.6 8 1.4444 82.7778 3.0379 0.7611 0.5178 0.6061 0.1417 546 183 > logs_KNN/salida_pr05_9
../GA ../Data/DataFiles/pr06 500 0.9444 0.675 0.6 8 1.4444 82.7778 3.0379 0.7611 0.5178 0.6061 0.1417 546 183 > logs_KNN/salida_pr06_0
../GA ../Data/DataFiles/pr06 580 0.9444 0.675 0.6 8 1.4444 82.7778 3.0379 0.7611 0.5178 0.6061 0.1417 546 183 > logs_KNN/salida_pr06_1
../GA ../Data/DataFiles/pr06 707 0.9444 0.675 0.6 8 1.4444 82.7778 3.0379 0.7611 0.5178 0.6061 0.1417 546 183 > logs_KNN/salida_pr06_2
../GA ../Data/DataFiles/pr06 695 0.9444 0.675 0.6 8 1.4444 82.7778 3.0379 0.7611 0.5178 0.6061 0.1417 546 183 > logs_KNN/salida_pr06_3
../GA ../Data/DataFiles/pr06 932 0.9444 0.675 0.6 8 1.4444 82.7778 3.0379 0.7611 0.5178 0.6061 0.1417 546 183 > logs_KNN/salida_pr06_4
../GA ../Data/DataFiles/pr06 413 0.9444 0.675 0.6 8 1.4444 82.7778 3.0379 0.7611 0.5178 0.6061 0.1417 546 183 > logs_KNN/salida_pr06_5
../GA ../Data/DataFiles/pr06 458 0.9444 0.675 0.6 8 1.4444 82.7778 3.0379 0.7611 0.5178 0.6061 0.1417 546 183 > logs_KNN/salida_pr06_6
../GA ../Data/DataFiles/pr06 750 0.9444 0.675 0.6 8 1.4444 82.7778 3.0379 0.7611 0.5178 0.6061 0.1417 546 183 > logs_KNN/salida_pr06_7
../GA ../Data/DataFiles/pr06 354 0.9444 0.675 0.6 8 1.4444 82.7778 3.0379 0.7611 0.5178 0.6061 0.1417 546 183 > logs_KNN/salida_pr06_8
../GA ../Data/DataFiles/pr06 298 0.9444 0.675 0.6 8 1.4444 82.7778 3.0379 0.7611 0.5178 0.6061 0.1417 546 183 > logs_KNN/salida_pr06_9
../GA ../Data/DataFiles/pr07 706 0.7611 0.5333 0.475 6 1.9167 90.5556 2.8634 0.8278 0.5644 0.3933 0.085 944 472 > logs_KNN/salida_pr07_0
../GA ../Data/DataFiles/pr07 966 0.7611 0.5333 0.475 6 1.9167 90.5556 2.8634 0.8278 0.5644 0.3933 0.085 944 472 > logs_KNN/salida_pr07_1
../GA ../Data/DataFiles/pr07 245 0.7611 0.5333 0.475 6 1.9167 90.5556 2.8634 0.8278 0.5644 0.3933 0.085 944 472 > logs_KNN/salida_pr07_2
../GA ../Data/DataFiles/pr07 605 0.7611 0.5333 0.475 6 1.9167 90.5556 2.8634 0.8278 0.5644 0.3933 0.085 944 472 > logs_KNN/salida_pr07_3
../GA ../Data/DataFiles/pr07 181 0.7611 0.5333 0.475 6 1.9167 90.5556 2.8634 0.8278 0.5644 0.3933 0.085 944 472 > logs_KNN/salida_pr07_4
../GA ../Data/DataFiles/pr07 200 0.7611 0.5333 0.475 6 1.9167 90.5556 2.8634 0.8278 0.5644 0.3933 0.085 944 472 > logs_KNN/salida_pr07_5
../GA ../Data/DataFiles/pr07 883 0.7611 0.5333 0.475 6 1.9167 90.5556 2.8634 0.8278 0.5644 0.3933 0.085 944 472 > logs_KNN/salida_pr07_6
../GA ../Data/DataFiles/pr07 732 0.7611 0.5333 0.475 6 1.9167 90.5556 2.8634 0.8278 0.5644 0.3933 0.085 944 472 > logs_KNN/salida_pr07_7
../GA ../Data/DataFiles/pr07 545 0.7611 0.5333 0.475 6 1.9167 90.5556 2.8634 0.8278 0.5644 0.3933 0.085 944 472 > logs_KNN/salida_pr07_8
../GA ../Data/DataFiles/pr07 831 0.7611 0.5333 0.475 6 1.9167 90.5556 2.8634 0.8278 0.5644 0.3933 0.085 944 472 > logs_KNN/salida_pr07_9
../GA ../Data/DataFiles/pr08 629 0.8722 0.6444 0.5694 8 1.4444 98.3333 1.3829 0.7611 0.5594 0.5922 0.1389 333 300 > logs_KNN/salida_pr08_0
../GA ../Data/DataFiles/pr08 693 0.8722 0.6444 0.5694 8 1.4444 98.3333 1.3829 0.7611 0.5594 0.5922 0.1389 333 300 > logs_KNN/salida_pr08_1
../GA ../Data/DataFiles/pr08 581 0.8722 0.6444 0.5694 8 1.4444 98.3333 1.3829 0.7611 0.5594 0.5922 0.1389 333 300 > logs_KNN/salida_pr08_2
../GA ../Data/DataFiles/pr08 610 0.8722 0.6444 0.5694 8 1.4444 98.3333 1.3829 0.7611 0.5594 0.5922 0.1389 333 300 > logs_KNN/salida_pr08_3
../GA ../Data/DataFiles/pr08 825 0.8722 0.6444 0.5694 8 1.4444 98.3333 1.3829 0.7611 0.5594 0.5922 0.1389 333 300 > logs_KNN/salida_pr08_4
../GA ../Data/DataFiles/pr08 905 0.8722 0.6444 0.5694 8 1.4444 98.3333 1.3829 0.7611 0.5594 0.5922 0.1389 333 300 > logs_KNN/salida_pr08_5
../GA ../Data/DataFiles/pr08 683 0.8722 0.6444 0.5694 8 1.4444 98.3333 1.3829 0.7611 0.5594 0.5922 0.1389 333 300 > logs_KNN/salida_pr08_6
../GA ../Data/DataFiles/pr08 190 0.8722 0.6444 0.5694 8 1.4444 98.3333 1.3829 0.7611 0.5594 0.5922 0.1389 333 300 > logs_KNN/salida_pr08_7
../GA ../Data/DataFiles/pr08 398 0.8722 0.6444 0.5694 8 1.4444 98.3333 1.3829 0.7611 0.5594 0.5922 0.1389 333 300 > logs_KNN/salida_pr08_8
../GA ../Data/DataFiles/pr08 322 0.8722 0.6444 0.5694 8 1.4444 98.3333 1.3829 0.7611 0.5594 0.5922 0.1389 333 300 > logs_KNN/salida_pr08_9
../GA ../Data/DataFiles/pr09 728 0.8722 0.6444 0.5694 8 1.4444 98.3333 1.3829 0.7611 0.5594 0.5922 0.1389 333 300 > logs_KNN/salida_pr09_0
../GA ../Data/DataFiles/pr09 322 0.8722 0.6444 0.5694 8 1.4444 98.3333 1.3829 0.7611 0.5594 0.5922 0.1389 333 300 > logs_KNN/salida_pr09_1
../GA ../Data/DataFiles/pr09 922 0.8722 0.6444 0.5694 8 1.4444 98.3333 1.3829 0.7611 0.5594 0.5922 0.1389 333 300 > logs_KNN/salida_pr09_2
../GA ../Data/DataFiles/pr09 494 0.8722 0.6444 0.5694 8 1.4444 98.3333 1.3829 0.7611 0.5594 0.5922 0.1389 333 300 > logs_KNN/salida_pr09_3
../GA ../Data/DataFiles/pr09 942 0.8722 0.6444 0.5694 8 1.4444 98.3333 1.3829 0.7611 0.5594 0.5922 0.1389 333 300 > logs_KNN/salida_pr09_4
../GA ../Data/DataFiles/pr09 581 0.8722 0.6444 0.5694 8 1.4444 98.3333 1.3829 0.7611 0.5594 0.5922 0.1389 333 300 > logs_KNN/salida_pr09_5
../GA ../Data/DataFiles/pr09 612 0.8722 0.6444 0.5694 8 1.4444 98.3333 1.3829 0.7611 0.5594 0.5922 0.1389 333 300 > logs_KNN/salida_pr09_6
../GA ../Data/DataFiles/pr09 438 0.8722 0.6444 0.5694 8 1.4444 98.3333 1.3829 0.7611 0.5594 0.5922 0.1389 333 300 > logs_KNN/salida_pr09_7
../GA ../Data/DataFiles/pr09 169 0.8722 0.6444 0.5694 8 1.4444 98.3333 1.3829 0.7611 0.5594 0.5922 0.1389 333 300 > logs_KNN/salida_pr09_8
../GA ../Data/DataFiles/pr09 919 0.8722 0.6444 0.5694 8 1.4444 98.3333 1.3829 0.7611 0.5594 0.5922 0.1389 333 300 > logs_KNN/salida_pr09_9
../GA ../Data/DataFiles/pr10 0 0.9444 0.675 0.6 8 1.4444 82.7778 3.0379 0.7611 0.5178 0.6061 0.1417 546 183 > logs_KNN/salida_pr10_0
../GA ../Data/DataFiles/pr10 572 0.9444 0.675 0.6 8 1.4444 82.7778 3.0379 0.7611 0.5178 0.6061 0.1417 546 183 > logs_KNN/salida_pr10_1
../GA ../Data/DataFiles/pr10 409 0.9444 0.675 0.6 8 1.4444 82.7778 3.0379 0.7611 0.5178 0.6061 0.1417 546 183 > logs_KNN/salida_pr10_2
../GA ../Data/DataFiles/pr10 911 0.9444 0.675 0.6 8 1.4444 82.7778 3.0379 0.7611 0.5178 0.6061 0.1417 546 183 > logs_KNN/salida_pr10_3
../GA ../Data/DataFiles/pr10 502 0.9444 0.675 0.6 8 1.4444 82.7778 3.0379 0.7611 0.5178 0.6061 0.1417 546 183 > logs_KNN/salida_pr10_4
../GA ../Data/DataFiles/pr10 88 0.9444 0.675 0.6 8 1.4444 82.7778 3.0379 0.7611 0.5178 0.6061 0.1417 546 183 > logs_KNN/salida_pr10_5
../GA ../Data/DataFiles/pr10 503 0.9444 0.675 0.6 8 1.4444 82.7778 3.0379 0.7611 0.5178 0.6061 0.1417 546 183 > logs_KNN/salida_pr10_6
../GA ../Data/DataFiles/pr10 741 0.9444 0.675 0.6 8 1.4444 82.7778 3.0379 0.7611 0.5178 0.6061 0.1417 546 183 > logs_KNN/salida_pr10_7
../GA ../Data/DataFiles/pr10 326 0.9444 0.675 0.6 8 1.4444 82.7778 3.0379 0.7611 0.5178 0.6061 0.1417 546 183 > logs_KNN/salida_pr10_8
../GA ../Data/DataFiles/pr10 604 0.9444 0.675 0.6 8 1.4444 82.7778 3.0379 0.7611 0.5178 0.6061 0.1417 546 183 > logs_KNN/salida_pr10_9
../GA ../Data/DataFiles/p01 665 0.8778 0.5472 0.5611 6 1.8056 73.8889 3.9684 0.8389 0.5367 0.3611 0.1011 811 406 > logs_KNN/salida_p01_0
../GA ../Data/DataFiles/p01 64 0.8778 0.5472 0.5611 6 1.8056 73.8889 3.9684 0.8389 0.5367 0.3611 0.1011 811 406 > logs_KNN/salida_p01_1
../GA ../Data/DataFiles/p01 851 0.8778 0.5472 0.5611 6 1.8056 73.8889 3.9684 0.8389 0.5367 0.3611 0.1011 811 406 > logs_KNN/salida_p01_2
../GA ../Data/DataFiles/p01 34 0.8778 0.5472 0.5611 6 1.8056 73.8889 3.9684 0.8389 0.5367 0.3611 0.1011 811 406 > logs_KNN/salida_p01_3
../GA ../Data/DataFiles/p01 277 0.8778 0.5472 0.5611 6 1.8056 73.8889 3.9684 0.8389 0.5367 0.3611 0.1011 811 406 > logs_KNN/salida_p01_4
../GA ../Data/DataFiles/p01 910 0.8778 0.5472 0.5611 6 1.8056 73.8889 3.9684 0.8389 0.5367 0.3611 0.1011 811 406 > logs_KNN/salida_p01_5
../GA ../Data/DataFiles/p01 147 0.8778 0.5472 0.5611 6 1.8056 73.8889 3.9684 0.8389 0.5367 0.3611 0.1011 811 406 > logs_KNN/salida_p01_6
../GA ../Data/DataFiles/p01 892 0.8778 0.5472 0.5611 6 1.8056 73.8889 3.9684 0.8389 0.5367 0.3611 0.1011 811 406 > logs_KNN/salida_p01_7
../GA ../Data/DataFiles/p01 55 0.8778 0.5472 0.5611 6 1.8056 73.8889 3.9684 0.8389 0.5367 0.3611 0.1011 811 406 > logs_KNN/salida_p01_8
../GA ../Data/DataFiles/p01 620 0.8778 0.5472 0.5611 6 1.8056 73.8889 3.9684 0.8389 0.5367 0.3611 0.1011 811 406 > logs_KNN/salida_p01_9
../GA ../Data/DataFiles/p02 522 0.8778 0.5472 0.5611 6 1.8056 73.8889 3.9684 0.8389 0.5367 0.3611 0.1011 811 406 > logs_KNN/salida_p02_0
../GA ../Data/DataFiles/p02 945 0.8778 0.5472 0.5611 6 1.8056 73.8889 3.9684 0.8389 0.5367 0.3611 0.1011 811 406 > logs_KNN/salida_p02_1
../GA ../Data/DataFiles/p02 70 0.8778 0.5472 0.5611 6 1.8056 73.8889 3.9684 0.8389 0.5367 0.3611 0.1011 811 406 > logs_KNN/salida_p02_2
../GA ../Data/DataFiles/p02 181 0.8778 0.5472 0.5611 6 1.8056 73.8889 3.9684 0.8389 0.5367 0.3611 0.1011 811 406 > logs_KNN/salida_p02_3
../GA ../Data/DataFiles/p02 237 0.8778 0.5472 0.5611 6 1.8056 73.8889 3.9684 0.8389 0.5367 0.3611 0.1011 811 406 > logs_KNN/salida_p02_4
../GA ../Data/DataFiles/p02 661 0.8778 0.5472 0.5611 6 1.8056 73.8889 3.9684 0.8389 0.5367 0.3611 0.1011 811 406 > logs_KNN/salida_p02_5
../GA ../Data/DataFiles/p02 613 0.8778 0.5472 0.5611 6 1.8056 73.8889 3.9684 0.8389 0.5367 0.3611 0.1011 811 406 > logs_KNN/salida_p02_6
../GA ../Data/DataFiles/p02 459 0.8778 0.5472 0.5611 6 1.8056 73.8889 3.9684 0.8389 0.5367 0.3611 0.1011 811 406 > logs_KNN/salida_p02_7
../GA ../Data/DataFiles/p02 796 0.8778 0.5472 0.5611 6 1.8056 73.8889 3.9684 0.8389 0.5367 0.3611 0.1011 811 406 > logs_KNN/salida_p02_8
../GA ../Data/DataFiles/p02 332 0.8778 0.5472 0.5611 6 1.8056 73.8889 3.9684 0.8389 0.5367 0.3611 0.1011 811 406 > logs_KNN/salida_p02_9
../GA ../Data/DataFiles/p03 728 0.9 0.6222 0.6056 5 1.8889 66.1111 4.0962 0.8444 0.5367 0.5183 0.12 733 367 > logs_KNN/salida_p03_0
../GA ../Data/DataFiles/p03 872 0.9 0.6222 0.6056 5 1.8889 66.1111 4.0962 0.8444 0.5367 0.5183 0.12 733 367 > logs_KNN/salida_p03_1
../GA ../Data/DataFiles/p03 384 0.9 0.6222 0.6056 5 1.8889 66.1111 4.0962 0.8444 0.5367 0.5183 0.12 733 367 > logs_KNN/salida_p03_2
../GA ../Data/DataFiles/p03 131 0.9 0.6222 0.6056 5 1.8889 66.1111 4.0962 0.8444 0.5367 0.5183 0.12 733 367 > logs_KNN/salida_p03_3
../GA ../Data/DataFiles/p03 123 0.9 0.6222 0.6056 5 1.8889 66.1111 4.0962 0.8444 0.5367 0.5183 0.12 733 367 > logs_KNN/salida_p03_4
../GA ../Data/DataFiles/p03 268 0.9 0.6222 0.6056 5 1.8889 66.1111 4.0962 0.8444 0.5367 0.5183 0.12 733 367 > logs_KNN/salida_p03_5
../GA ../Data/DataFiles/p03 608 0.9 0.6222 0.6056 5 1.8889 66.1111 4.0962 0.8444 0.5367 0.5183 0.12 733 367 > logs_KNN/salida_p03_6
../GA ../Data/DataFiles/p03 421 0.9 0.6222 0.6056 5 1.8889 66.1111 4.0962 0.8444 0.5367 0.5183 0.12 733 367 > logs_KNN/salida_p03_7
../GA ../Data/DataFiles/p03 919 0.9 0.6222 0.6056 5 1.8889 66.1111 4.0962 0.8444 0.5367 0.5183 0.12 733 367 > logs_KNN/salida_p03_8
../GA ../Data/DataFiles/p03 959 0.9 0.6222 0.6056 5 1.8889 66.1111 4.0962 0.8444 0.5367 0.5183 0.12 733 367 > logs_KNN/salida_p03_9
../GA ../Data/DataFiles/p04 616 0.9 0.6222 0.6056 5 1.8889 66.1111 4.0962 0.8444 0.5367 0.5183 0.12 733 367 > logs_KNN/salida_p04_0
../GA ../Data/DataFiles/p04 915 0.9 0.6222 0.6056 5 1.8889 66.1111 4.0962 0.8444 0.5367 0.5183 0.12 733 367 > logs_KNN/salida_p04_1
../GA ../Data/DataFiles/p04 123 0.9 0.6222 0.6056 5 1.8889 66.1111 4.0962 0.8444 0.5367 0.5183 0.12 733 367 > logs_KNN/salida_p04_2
../GA ../Data/DataFiles/p04 130 0.9 0.6222 0.6056 5 1.8889 66.1111 4.0962 0.8444 0.5367 0.5183 0.12 733 367 > logs_KNN/salida_p04_3
../GA ../Data/DataFiles/p04 251 0.9 0.6222 0.6056 5 1.8889 66.1111 4.0962 0.8444 0.5367 0.5183 0.12 733 367 > logs_KNN/salida_p04_4
../GA ../Data/DataFiles/p04 605 0.9 0.6222 0.6056 5 1.8889 66.1111 4.0962 0.8444 0.5367 0.5183 0.12 733 367 > logs_KNN/salida_p04_5
../GA ../Data/DataFiles/p04 725 0.9 0.6222 0.6056 5 1.8889 66.1111 4.0962 0.8444 0.5367 0.5183 0.12 733 367 > logs_KNN/salida_p04_6
../GA ../Data/DataFiles/p04 516 0.9 0.6222 0.6056 5 1.8889 66.1111 4.0962 0.8444 0.5367 0.5183 0.12 733 367 > logs_KNN/salida_p04_7
../GA ../Data/DataFiles/p04 845 0.9 0.6222 0.6056 5 1.8889 66.1111 4.0962 0.8444 0.5367 0.5183 0.12 733 367 > logs_KNN/salida_p04_8
../GA ../Data/DataFiles/p04 951 0.9 0.6222 0.6056 5 1.8889 66.1111 4.0962 0.8444 0.5367 0.5183 0.12 733 367 > logs_KNN/salida_p04_9
../GA ../Data/DataFiles/p05 469 0.9444 0.5889 0.6361 6 1.7778 68.3333 5.2017 0.8167 0.5133 0.495 0.1283 644 322 > logs_KNN/salida_p05_0
../GA ../Data/DataFiles/p05 690 0.9444 0.5889 0.6361 6 1.7778 68.3333 5.2017 0.8167 0.5133 0.495 0.1283 644 322 > logs_KNN/salida_p05_1
../GA ../Data/DataFiles/p05 846 0.9444 0.5889 0.6361 6 1.7778 68.3333 5.2017 0.8167 0.5133 0.495 0.1283 644 322 > logs_KNN/salida_p05_2
../GA ../Data/DataFiles/p05 998 0.9444 0.5889 0.6361 6 1.7778 68.3333 5.2017 0.8167 0.5133 0.495 0.1283 644 322 > logs_KNN/salida_p05_3
../GA ../Data/DataFiles/p05 652 0.9444 0.5889 0.6361 6 1.7778 68.3333 5.2017 0.8167 0.5133 0.495 0.1283 644 322 > logs_KNN/salida_p05_4
../GA ../Data/DataFiles/p05 366 0.9444 0.5889 0.6361 6 1.7778 68.3333 5.2017 0.8167 0.5133 0.495 0.1283 644 322 > logs_KNN/salida_p05_5
../GA ../Data/DataFiles/p05 910 0.9444 0.5889 0.6361 6 1.7778 68.3333 5.2017 0.8167 0.5133 0.495 0.1283 644 322 > logs_KNN/salida_p05_6
../GA ../Data/DataFiles/p05 58 0.9444 0.5889 0.6361 6 1.7778 68.3333 5.2017 0.8167 0.5133 0.495 0.1283 644 322 > logs_KNN/salida_p05_7
../GA ../Data/DataFiles/p05 777 0.9444 0.5889 0.6361 6 1.7778 68.3333 5.2017 0.8167 0.5133 0.495 0.1283 644 322 > logs_KNN/salida_p05_8
../GA ../Data/DataFiles/p05 401 0.9444 0.5889 0.6361 6 1.7778 68.3333 5.2017 0.8167 0.5133 0.495 0.1283 644 322 > logs_KNN/salida_p05_9
../GA ../Data/DataFiles/p06 793 0.9 0.6222 0.6056 5 1.8889 66.1111 4.0962 0.8444 0.5367 0.5183 0.12 733 367 > logs_KNN/salida_p06_0
../GA ../Data/DataFiles/p06 899 0.9 0.6222 0.6056 5 1.8889 66.1111 4.0962 0.8444 0.5367 0.5183 0.12 733 367 > logs_KNN/salida_p06_1
../GA ../Data/DataFiles/p06 830 0.9 0.6222 0.6056 5 1.8889 66.1111 4.0962 0.8444 0.5367 0.5183 0.12 733 367 > logs_KNN/salida_p06_2
../GA ../Data/DataFiles/p06 817 0.9 0.6222 0.6056 5 1.8889 66.1111 4.0962 0.8444 0.5367 0.5183 0.12 733 367 > logs_KNN/salida_p06_3
../GA ../Data/DataFiles/p06 343 0.9 0.6222 0.6056 5 1.8889 66.1111 4.0962 0.8444 0.5367 0.5183 0.12 733 367 > logs_KNN/salida_p06_4
../GA ../Data/DataFiles/p06 583 0.9 0.6222 0.6056 5 1.8889 66.1111 4.0962 0.8444 0.5367 0.5183 0.12 733 367 > logs_KNN/salida_p06_5
../GA ../Data/DataFiles/p06 631 0.9 0.6222 0.6056 5 1.8889 66.1111 4.0962 0.8444 0.5367 0.5183 0.12 733 367 > logs_KNN/salida_p06_6
../GA ../Data/DataFiles/p06 878 0.9 0.6222 0.6056 5 1.8889 66.1111 4.0962 0.8444 0.5367 0.5183 0.12 733 367 > logs_KNN/salida_p06_7
../GA ../Data/DataFiles/p06 430 0.9 0.6222 0.6056 5 1.8889 66.1111 4.0962 0.8444 0.5367 0.5183 0.12 733 367 > logs_KNN/salida_p06_8
../GA ../Data/DataFiles/p06 986 0.9 0.6222 0.6056 5 1.8889 66.1111 4.0962 0.8444 0.5367 0.5183 0.12 733 367 > logs_KNN/salida_p06_9
../GA ../Data/DataFiles/p07 34 0.9 0.6222 0.6056 5 1.8889 66.1111 4.0962 0.8444 0.5367 0.5183 0.12 733 367 > logs_KNN/salida_p07_0
../GA ../Data/DataFiles/p07 341 0.9 0.6222 0.6056 5 1.8889 66.1111 4.0962 0.8444 0.5367 0.5183 0.12 733 367 > logs_KNN/salida_p07_1
../GA ../Data/DataFiles/p07 542 0.9 0.6222 0.6056 5 1.8889 66.1111 4.0962 0.8444 0.5367 0.5183 0.12 733 367 > logs_KNN/salida_p07_2
../GA ../Data/DataFiles/p07 577 0.9 0.6222 0.6056 5 1.8889 66.1111 4.0962 0.8444 0.5367 0.5183 0.12 733 367 > logs_KNN/salida_p07_3
../GA ../Data/DataFiles/p07 65 0.9 0.6222 0.6056 5 1.8889 66.1111 4.0962 0.8444 0.5367 0.5183 0.12 733 367 > logs_KNN/salida_p07_4
../GA ../Data/DataFiles/p07 320 0.9 0.6222 0.6056 5 1.8889 66.1111 4.0962 0.8444 0.5367 0.5183 0.12 733 367 > logs_KNN/salida_p07_5
../GA ../Data/DataFiles/p07 160 0.9 0.6222 0.6056 5 1.8889 66.1111 4.0962 0.8444 0.5367 0.5183 0.12 733 367 > logs_KNN/salida_p07_6
../GA ../Data/DataFiles/p07 996 0.9 0.6222 0.6056 5 1.8889 66.1111 4.0962 0.8444 0.5367 0.5183 0.12 733 367 > logs_KNN/salida_p07_7
../GA ../Data/DataFiles/p07 116 0.9 0.6222 0.6056 5 1.8889 66.1111 4.0962 0.8444 0.5367 0.5183 0.12 733 367 > logs_KNN/salida_p07_8
../GA ../Data/DataFiles/p07 520 0.9 0.6222 0.6056 5 1.8889 66.1111 4.0962 0.8444 0.5367 0.5183 0.12 733 367 > logs_KNN/salida_p07_9
../GA ../Data/DataFiles/p08 371 0.8944 0.6 0.5639 9 1.3333 92.7778 1.3801 0.7556 0.5689 0.5367 0.1306 524 192 > logs_KNN/salida_p08_0
../GA ../Data/DataFiles/p08 419 0.8944 0.6 0.5639 9 1.3333 92.7778 1.3801 0.7556 0.5689 0.5367 0.1306 524 192 > logs_KNN/salida_p08_1
../GA ../Data/DataFiles/p08 761 0.8944 0.6 0.5639 9 1.3333 92.7778 1.3801 0.7556 0.5689 0.5367 0.1306 524 192 > logs_KNN/salida_p08_2
../GA ../Data/DataFiles/p08 727 0.8944 0.6 0.5639 9 1.3333 92.7778 1.3801 0.7556 0.5689 0.5367 0.1306 524 192 > logs_KNN/salida_p08_3
../GA ../Data/DataFiles/p08 970 0.8944 0.6 0.5639 9 1.3333 92.7778 1.3801 0.7556 0.5689 0.5367 0.1306 524 192 > logs_KNN/salida_p08_4
../GA ../Data/DataFiles/p08 925 0.8944 0.6 0.5639 9 1.3333 92.7778 1.3801 0.7556 0.5689 0.5367 0.1306 524 192 > logs_KNN/salida_p08_5
../GA ../Data/DataFiles/p08 7 0.8944 0.6 0.5639 9 1.3333 92.7778 1.3801 0.7556 0.5689 0.5367 0.1306 524 192 > logs_KNN/salida_p08_6
../GA ../Data/DataFiles/p08 992 0.8944 0.6 0.5639 9 1.3333 92.7778 1.3801 0.7556 0.5689 0.5367 0.1306 524 192 > logs_KNN/salida_p08_7
../GA ../Data/DataFiles/p08 245 0.8944 0.6 0.5639 9 1.3333 92.7778 1.3801 0.7556 0.5689 0.5367 0.1306 524 192 > logs_KNN/salida_p08_8
../GA ../Data/DataFiles/p08 805 0.8944 0.6 0.5639 9 1.3333 92.7778 1.3801 0.7556 0.5689 0.5367 0.1306 524 192 > logs_KNN/salida_p08_9
../GA ../Data/DataFiles/p09 26 0.7917 0.6194 0.4556 9 1.6944 101.6667 0.8051 0.7556 0.6522 0.4811 0.115 368 272 > logs_KNN/salida_p09_0
../GA ../Data/DataFiles/p09 278 0.7917 0.6194 0.4556 9 1.6944 101.6667 0.8051 0.7556 0.6522 0.4811 0.115 368 272 > logs_KNN/salida_p09_1
../GA ../Data/DataFiles/p09 610 0.7917 0.6194 0.4556 9 1.6944 101.6667 0.8051 0.7556 0.6522 0.4811 0.115 368 272 > logs_KNN/salida_p09_2
../GA ../Data/DataFiles/p09 672 0.7917 0.6194 0.4556 9 1.6944 101.6667 0.8051 0.7556 0.6522 0.4811 0.115 368 272 > logs_KNN/salida_p09_3
../GA ../Data/DataFiles/p09 974 0.7917 0.6194 0.4556 9 1.6944 101.6667 0.8051 0.7556 0.6522 0.4811 0.115 368 272 > logs_KNN/salida_p09_4
../GA ../Data/DataFiles/p09 820 0.7917 0.6194 0.4556 9 1.6944 101.6667 0.8051 0.7556 0.6522 0.4811 0.115 368 272 > logs_KNN/salida_p09_5
../GA ../Data/DataFiles/p09 761 0.7917 0.6194 0.4556 9 1.6944 101.6667 0.8051 0.7556 0.6522 0.4811 0.115 368 272 > logs_KNN/salida_p09_6
../GA ../Data/DataFiles/p09 965 0.7917 0.6194 0.4556 9 1.6944 101.6667 0.8051 0.7556 0.6522 0.4811 0.115 368 272 > logs_KNN/salida_p09_7
../GA ../Data/DataFiles/p09 596 0.7917 0.6194 0.4556 9 1.6944 101.6667 0.8051 0.7556 0.6522 0.4811 0.115 368 272 > logs_KNN/salida_p09_8
../GA ../Data/DataFiles/p09 815 0.7917 0.6194 0.4556 9 1.6944 101.6667 0.8051 0.7556 0.6522 0.4811 0.115 368 272 > logs_KNN/salida_p09_9
../GA ../Data/DataFiles/p10 699 0.7917 0.6194 0.4556 9 1.6944 101.6667 0.8051 0.7556 0.6522 0.4811 0.115 368 272 > logs_KNN/salida_p10_0
../GA ../Data/DataFiles/p10 35 0.7917 0.6194 0.4556 9 1.6944 101.6667 0.8051 0.7556 0.6522 0.4811 0.115 368 272 > logs_KNN/salida_p10_1
../GA ../Data/DataFiles/p10 426 0.7917 0.6194 0.4556 9 1.6944 101.6667 0.8051 0.7556 0.6522 0.4811 0.115 368 272 > logs_KNN/salida_p10_2
../GA ../Data/DataFiles/p10 96 0.7917 0.6194 0.4556 9 1.6944 101.6667 0.8051 0.7556 0.6522 0.4811 0.115 368 272 > logs_KNN/salida_p10_3
../GA ../Data/DataFiles/p10 940 0.7917 0.6194 0.4556 9 1.6944 101.6667 0.8051 0.7556 0.6522 0.4811 0.115 368 272 > logs_KNN/salida_p10_4
../GA ../Data/DataFiles/p10 150 0.7917 0.6194 0.4556 9 1.6944 101.6667 0.8051 0.7556 0.6522 0.4811 0.115 368 272 > logs_KNN/salida_p10_5
../GA ../Data/DataFiles/p10 876 0.7917 0.6194 0.4556 9 1.6944 101.6667 0.8051 0.7556 0.6522 0.4811 0.115 368 272 > logs_KNN/salida_p10_6
../GA ../Data/DataFiles/p10 392 0.7917 0.6194 0.4556 9 1.6944 101.6667 0.8051 0.7556 0.6522 0.4811 0.115 368 272 > logs_KNN/salida_p10_7
../GA ../Data/DataFiles/p10 874 0.7917 0.6194 0.4556 9 1.6944 101.6667 0.8051 0.7556 0.6522 0.4811 0.115 368 272 > logs_KNN/salida_p10_8
../GA ../Data/DataFiles/p10 657 0.7917 0.6194 0.4556 9 1.6944 101.6667 0.8051 0.7556 0.6522 0.4811 0.115 368 272 > logs_KNN/salida_p10_9
../GA ../Data/DataFiles/p11 749 0.7917 0.6194 0.4556 9 1.6944 101.6667 0.8051 0.7556 0.6522 0.4811 0.115 368 272 > logs_KNN/salida_p11_0
../GA ../Data/DataFiles/p11 36 0.7917 0.6194 0.4556 9 1.6944 101.6667 0.8051 0.7556 0.6522 0.4811 0.115 368 272 > logs_KNN/salida_p11_1
../GA ../Data/DataFiles/p11 184 0.7917 0.6194 0.4556 9 1.6944 101.6667 0.8051 0.7556 0.6522 0.4811 0.115 368 272 > logs_KNN/salida_p11_2
../GA ../Data/DataFiles/p11 660 0.7917 0.6194 0.4556 9 1.6944 101.6667 0.8051 0.7556 0.6522 0.4811 0.115 368 272 > logs_KNN/salida_p11_3
../GA ../Data/DataFiles/p11 361 0.7917 0.6194 0.4556 9 1.6944 101.6667 0.8051 0.7556 0.6522 0.4811 0.115 368 272 > logs_KNN/salida_p11_4
../GA ../Data/DataFiles/p11 938 0.7917 0.6194 0.4556 9 1.6944 101.6667 0.8051 0.7556 0.6522 0.4811 0.115 368 272 > logs_KNN/salida_p11_5
../GA ../Data/DataFiles/p11 670 0.7917 0.6194 0.4556 9 1.6944 101.6667 0.8051 0.7556 0.6522 0.4811 0.115 368 272 > logs_KNN/salida_p11_6
../GA ../Data/DataFiles/p11 493 0.7917 0.6194 0.4556 9 1.6944 101.6667 0.8051 0.7556 0.6522 0.4811 0.115 368 272 > logs_KNN/salida_p11_7
../GA ../Data/DataFiles/p11 814 0.7917 0.6194 0.4556 9 1.6944 101.6667 0.8051 0.7556 0.6522 0.4811 0.115 368 272 > logs_KNN/salida_p11_8
../GA ../Data/DataFiles/p11 545 0.7917 0.6194 0.4556 9 1.6944 101.6667 0.8051 0.7556 0.6522 0.4811 0.115 368 272 > logs_KNN/salida_p11_9
../GA ../Data/DataFiles/p12 505 0.8611 0.5083 0.4972 2 1.75 90.0 1.8042 0.7833 0.4667 0.5922 0.1161 844 422 > logs_KNN/salida_p12_0
../GA ../Data/DataFiles/p12 336 0.8611 0.5083 0.4972 2 1.75 90.0 1.8042 0.7833 0.4667 0.5922 0.1161 844 422 > logs_KNN/salida_p12_1
../GA ../Data/DataFiles/p12 187 0.8611 0.5083 0.4972 2 1.75 90.0 1.8042 0.7833 0.4667 0.5922 0.1161 844 422 > logs_KNN/salida_p12_2
../GA ../Data/DataFiles/p12 815 0.8611 0.5083 0.4972 2 1.75 90.0 1.8042 0.7833 0.4667 0.5922 0.1161 844 422 > logs_KNN/salida_p12_3
../GA ../Data/DataFiles/p12 418 0.8611 0.5083 0.4972 2 1.75 90.0 1.8042 0.7833 0.4667 0.5922 0.1161 844 422 > logs_KNN/salida_p12_4
../GA ../Data/DataFiles/p12 556 0.8611 0.5083 0.4972 2 1.75 90.0 1.8042 0.7833 0.4667 0.5922 0.1161 844 422 > logs_KNN/salida_p12_5
../GA ../Data/DataFiles/p12 891 0.8611 0.5083 0.4972 2 1.75 90.0 1.8042 0.7833 0.4667 0.5922 0.1161 844 422 > logs_KNN/salida_p12_6
../GA ../Data/DataFiles/p12 309 0.8611 0.5083 0.4972 2 1.75 90.0 1.8042 0.7833 0.4667 0.5922 0.1161 844 422 > logs_KNN/salida_p12_7
../GA ../Data/DataFiles/p12 420 0.8611 0.5083 0.4972 2 1.75 90.0 1.8042 0.7833 0.4667 0.5922 0.1161 844 422 > logs_KNN/salida_p12_8
../GA ../Data/DataFiles/p12 474 0.8611 0.5083 0.4972 2 1.75 90.0 1.8042 0.7833 0.4667 0.5922 0.1161 844 422 > logs_KNN/salida_p12_9
../GA ../Data/DataFiles/p13 722 0.8611 0.5083 0.4972 2 1.75 90.0 1.8042 0.7833 0.4667 0.5922 0.1161 844 422 > logs_KNN/salida_p13_0
../GA ../Data/DataFiles/p13 130 0.8611 0.5083 0.4972 2 1.75 90.0 1.8042 0.7833 0.4667 0.5922 0.1161 844 422 > logs_KNN/salida_p13_1
../GA ../Data/DataFiles/p13 647 0.8611 0.5083 0.4972 2 1.75 90.0 1.8042 0.7833 0.4667 0.5922 0.1161 844 422 > logs_KNN/salida_p13_2
../GA ../Data/DataFiles/p13 4 0.8611 0.5083 0.4972 2 1.75 90.0 1.8042 0.7833 0.4667 0.5922 0.1161 844 422 > logs_KNN/salida_p13_3
../GA ../Data/DataFiles/p13 95 0.8611 0.5083 0.4972 2 1.75 90.0 1.8042 0.7833 0.4667 0.5922 0.1161 844 422 > logs_KNN/salida_p13_4
../GA ../Data/DataFiles/p13 122 0.8611 0.5083 0.4972 2 1.75 90.0 1.8042 0.7833 0.4667 0.5922 0.1161 844 422 > logs_KNN/salida_p13_5
../GA ../Data/DataFiles/p13 482 0.8611 0.5083 0.4972 2 1.75 90.0 1.8042 0.7833 0.4667 0.5922 0.1161 844 422 > logs_KNN/salida_p13_6
../GA ../Data/DataFiles/p13 138 0.8611 0.5083 0.4972 2 1.75 90.0 1.8042 0.7833 0.4667 0.5922 0.1161 844 422 > logs_KNN/salida_p13_7
../GA ../Data/DataFiles/p13 354 0.8611 0.5083 0.4972 2 1.75 90.0 1.8042 0.7833 0.4667 0.5922 0.1161 844 422 > logs_KNN/salida_p13_8
../GA ../Data/DataFiles/p13 252 0.8611 0.5083 0.4972 2 1.75 90.0 1.8042 0.7833 0.4667 0.5922 0.1161 844 422 > logs_KNN/salida_p13_9
../GA ../Data/DataFiles/p14 916 0.8611 0.5083 0.4972 2 1.75 90.0 1.8042 0.7833 0.4667 0.5922 0.1161 844 422 > logs_KNN/salida_p14_0
../GA ../Data/DataFiles/p14 24 0.8611 0.5083 0.4972 2 1.75 90.0 1.8042 0.7833 0.4667 0.5922 0.1161 844 422 > logs_KNN/salida_p14_1
../GA ../Data/DataFiles/p14 84 0.8611 0.5083 0.4972 2 1.75 90.0 1.8042 0.7833 0.4667 0.5922 0.1161 844 422 > logs_KNN/salida_p14_2
../GA ../Data/DataFiles/p14 911 0.8611 0.5083 0.4972 2 1.75 90.0 1.8042 0.7833 0.4667 0.5922 0.1161 844 422 > logs_KNN/salida_p14_3
../GA ../Data/DataFiles/p14 395 0.8611 0.5083 0.4972 2 1.75 90.0 1.8042 0.7833 0.4667 0.5922 0.1161 844 422 > logs_KNN/salida_p14_4
../GA ../Data/DataFiles/p14 605 0.8611 0.5083 0.4972 2 1.75 90.0 1.8042 0.7833 0.4667 0.5922 0.1161 844 422 > logs_KNN/salida_p14_5
../GA ../Data/DataFiles/p14 963 0.8611 0.5083 0.4972 2 1.75 90.0 1.8042 0.7833 0.4667 0.5922 0.1161 844 422 > logs_KNN/salida_p14_6
../GA ../Data/DataFiles/p14 915 0.8611 0.5083 0.4972 2 1.75 90.0 1.8042 0.7833 0.4667 0.5922 0.1161 844 422 > logs_KNN/salida_p14_7
../GA ../Data/DataFiles/p14 328 0.8611 0.5083 0.4972 2 1.75 90.0 1.8042 0.7833 0.4667 0.5922 0.1161 844 422 > logs_KNN/salida_p14_8
../GA ../Data/DataFiles/p14 335 0.8611 0.5083 0.4972 2 1.75 90.0 1.8042 0.7833 0.4667 0.5922 0.1161 844 422 > logs_KNN/salida_p14_9
../GA ../Data/DataFiles/p15 392 0.8361 0.5194 0.6139 3 1.5556 93.3333 1.9179 0.8111 0.5922 0.6289 0.0972 667 150 > logs_KNN/salida_p15_0
../GA ../Data/DataFiles/p15 455 0.8361 0.5194 0.6139 3 1.5556 93.3333 1.9179 0.8111 0.5922 0.6289 0.0972 667 150 > logs_KNN/salida_p15_1
../GA ../Data/DataFiles/p15 567 0.8361 0.5194 0.6139 3 1.5556 93.3333 1.9179 0.8111 0.5922 0.6289 0.0972 667 150 > logs_KNN/salida_p15_2
../GA ../Data/DataFiles/p15 123 0.8361 0.5194 0.6139 3 1.5556 93.3333 1.9179 0.8111 0.5922 0.6289 0.0972 667 150 > logs_KNN/salida_p15_3
../GA ../Data/DataFiles/p15 680 0.8361 0.5194 0.6139 3 1.5556 93.3333 1.9179 0.8111 0.5922 0.6289 0.0972 667 150 > logs_KNN/salida_p15_4
../GA ../Data/DataFiles/p15 466 0.8361 0.5194 0.6139 3 1.5556 93.3333 1.9179 0.8111 0.5922 0.6289 0.0972 667 150 > logs_KNN/salida_p15_5
../GA ../Data/DataFiles/p15 891 0.8361 0.5194 0.6139 3 1.5556 93.3333 1.9179 0.8111 0.5922 0.6289 0.0972 667 150 > logs_KNN/salida_p15_6
../GA ../Data/DataFiles/p15 4 0.8361 0.5194 0.6139 3 1.5556 93.3333 1.9179 0.8111 0.5922 0.6289 0.0972 667 150 > logs_KNN/salida_p15_7
../GA ../Data/DataFiles/p15 734 0.8361 0.5194 0.6139 3 1.5556 93.3333 1.9179 0.8111 0.5922 0.6289 0.0972 667 150 > logs_KNN/salida_p15_8
../GA ../Data/DataFiles/p15 580 0.8361 0.5194 0.6139 3 1.5556 93.3333 1.9179 0.8111 0.5922 0.6289 0.0972 667 150 > logs_KNN/salida_p15_9
../GA ../Data/DataFiles/p16 831 0.8361 0.5194 0.6139 3 1.5556 93.3333 1.9179 0.8111 0.5922 0.6289 0.0972 667 150 > logs_KNN/salida_p16_0
../GA ../Data/DataFiles/p16 597 0.8361 0.5194 0.6139 3 1.5556 93.3333 1.9179 0.8111 0.5922 0.6289 0.0972 667 150 > logs_KNN/salida_p16_1
../GA ../Data/DataFiles/p16 180 0.8361 0.5194 0.6139 3 1.5556 93.3333 1.9179 0.8111 0.5922 0.6289 0.0972 667 150 > logs_KNN/salida_p16_2
../GA ../Data/DataFiles/p16 963 0.8361 0.5194 0.6139 3 1.5556 93.3333 1.9179 0.8111 0.5922 0.6289 0.0972 667 150 > logs_KNN/salida_p16_3
../GA ../Data/DataFiles/p16 686 0.8361 0.5194 0.6139 3 1.5556 93.3333 1.9179 0.8111 0.5922 0.6289 0.0972 667 150 > logs_KNN/salida_p16_4
../GA ../Data/DataFiles/p16 226 0.8361 0.5194 0.6139 3 1.5556 93.3333 1.9179 0.8111 0.5922 0.6289 0.0972 667 150 > logs_KNN/salida_p16_5
../GA ../Data/DataFiles/p16 38 0.8361 0.5194 0.6139 3 1.5556 93.3333 1.9179 0.8111 0.5922 0.6289 0.0972 667 150 > logs_KNN/salida_p16_6
../GA ../Data/DataFiles/p16 7 0.8361 0.5194 0.6139 3 1.5556 93.3333 1.9179 0.8111 0.5922 0.6289 0.0972 667 150 > logs_KNN/salida_p16_7
../GA ../Data/DataFiles/p16 27 0.8361 0.5194 0.6139 3 1.5556 93.3333 1.9179 0.8111 0.5922 0.6289 0.0972 667 150 > logs_KNN/salida_p16_8
../GA ../Data/DataFiles/p16 388 0.8361 0.5194 0.6139 3 1.5556 93.3333 1.9179 0.8111 0.5922 0.6289 0.0972 667 150 > logs_KNN/salida_p16_9
../GA ../Data/DataFiles/p17 374 0.8361 0.5194 0.6139 3 1.5556 93.3333 1.9179 0.8111 0.5922 0.6289 0.0972 667 150 > logs_KNN/salida_p17_0
../GA ../Data/DataFiles/p17 969 0.8361 0.5194 0.6139 3 1.5556 93.3333 1.9179 0.8111 0.5922 0.6289 0.0972 667 150 > logs_KNN/salida_p17_1
../GA ../Data/DataFiles/p17 350 0.8361 0.5194 0.6139 3 1.5556 93.3333 1.9179 0.8111 0.5922 0.6289 0.0972 667 150 > logs_KNN/salida_p17_2
../GA ../Data/DataFiles/p17 803 0.8361 0.5194 0.6139 3 1.5556 93.3333 1.9179 0.8111 0.5922 0.6289 0.0972 667 150 > logs_KNN/salida_p17_3
../GA ../Data/DataFiles/p17 499 0.8361 0.5194 0.6139 3 1.5556 93.3333 1.9179 0.8111 0.5922 0.6289 0.0972 667 150 > logs_KNN/salida_p17_4
../GA ../Data/DataFiles/p17 22 0.8361 0.5194 0.6139 3 1.5556 93.3333 1.9179 0.8111 0.5922 0.6289 0.0972 667 150 > logs_KNN/salida_p17_5
../GA ../Data/DataFiles/p17 478 0.8361 0.5194 0.6139 3 1.5556 93.3333 1.9179 0.8111 0.5922 0.6289 0.0972 667 150 > logs_KNN/salida_p17_6
../GA ../Data/DataFiles/p17 6 0.8361 0.5194 0.6139 3 1.5556 93.3333 1.9179 0.8111 0.5922 0.6289 0.0972 667 150 > logs_KNN/salida_p17_7
../GA ../Data/DataFiles/p17 355 0.8361 0.5194 0.6139 3 1.5556 93.3333 1.9179 0.8111 0.5922 0.6289 0.0972 667 150 > logs_KNN/salida_p17_8
../GA ../Data/DataFiles/p17 943 0.8361 0.5194 0.6139 3 1.5556 93.3333 1.9179 0.8111 0.5922 0.6289 0.0972 667 150 > logs_KNN/salida_p17_9
../GA ../Data/DataFiles/p18 839 0.8361 0.5194 0.6139 3 1.5556 93.3333 1.9179 0.8111 0.5922 0.6289 0.0972 667 150 > logs_KNN/salida_p18_0
../GA ../Data/DataFiles/p18 391 0.8361 0.5194 0.6139 3 1.5556 93.3333 1.9179 0.8111 0.5922 0.6289 0.0972 667 150 > logs_KNN/salida_p18_1
../GA ../Data/DataFiles/p18 500 0.8361 0.5194 0.6139 3 1.5556 93.3333 1.9179 0.8111 0.5922 0.6289 0.0972 667 150 > logs_KNN/salida_p18_2
../GA ../Data/DataFiles/p18 358 0.8361 0.5194 0.6139 3 1.5556 93.3333 1.9179 0.8111 0.5922 0.6289 0.0972 667 150 > logs_KNN/salida_p18_3
../GA ../Data/DataFiles/p18 922 0.8361 0.5194 0.6139 3 1.5556 93.3333 1.9179 0.8111 0.5922 0.6289 0.0972 667 150 > logs_KNN/salida_p18_4
../GA ../Data/DataFiles/p18 482 0.8361 0.5194 0.6139 3 1.5556 93.3333 1.9179 0.8111 0.5922 0.6289 0.0972 667 150 > logs_KNN/salida_p18_5
../GA ../Data/DataFiles/p18 37 0.8361 0.5194 0.6139 3 1.5556 93.3333 1.9179 0.8111 0.5922 0.6289 0.0972 667 150 > logs_KNN/salida_p18_6
../GA ../Data/DataFiles/p18 34 0.8361 0.5194 0.6139 3 1.5556 93.3333 1.9179 0.8111 0.5922 0.6289 0.0972 667 150 > logs_KNN/salida_p18_7
../GA ../Data/DataFiles/p18 679 0.8361 0.5194 0.6139 3 1.5556 93.3333 1.9179 0.8111 0.5922 0.6289 0.0972 667 150 > logs_KNN/salida_p18_8
../GA ../Data/DataFiles/p18 368 0.8361 0.5194 0.6139 3 1.5556 93.3333 1.9179 0.8111 0.5922 0.6289 0.0972 667 150 > logs_KNN/salida_p18_9
../GA ../Data/DataFiles/p19 883 0.8361 0.5194 0.6139 3 1.5556 93.3333 1.9179 0.8111 0.5922 0.6289 0.0972 667 150 > logs_KNN/salida_p19_0
../GA ../Data/DataFiles/p19 976 0.8361 0.5194 0.6139 3 1.5556 93.3333 1.9179 0.8111 0.5922 0.6289 0.0972 667 150 > logs_KNN/salida_p19_1
../GA ../Data/DataFiles/p19 225 0.8361 0.5194 0.6139 3 1.5556 93.3333 1.9179 0.8111 0.5922 0.6289 0.0972 667 150 > logs_KNN/salida_p19_2
../GA ../Data/DataFiles/p19 120 0.8361 0.5194 0.6139 3 1.5556 93.3333 1.9179 0.8111 0.5922 0.6289 0.0972 667 150 > logs_KNN/salida_p19_3
../GA ../Data/DataFiles/p19 182 0.8361 0.5194 0.6139 3 1.5556 93.3333 1.9179 0.8111 0.5922 0.6289 0.0972 667 150 > logs_KNN/salida_p19_4
../GA ../Data/DataFiles/p19 805 0.8361 0.5194 0.6139 3 1.5556 93.3333 1.9179 0.8111 0.5922 0.6289 0.0972 667 150 > logs_KNN/salida_p19_5
../GA ../Data/DataFiles/p19 288 0.8361 0.5194 0.6139 3 1.5556 93.3333 1.9179 0.8111 0.5922 0.6289 0.0972 667 150 > logs_KNN/salida_p19_6
../GA ../Data/DataFiles/p19 474 0.8361 0.5194 0.6139 3 1.5556 93.3333 1.9179 0.8111 0.5922 0.6289 0.0972 667 150 > logs_KNN/salida_p19_7
../GA ../Data/DataFiles/p19 990 0.8361 0.5194 0.6139 3 1.5556 93.3333 1.9179 0.8111 0.5922 0.6289 0.0972 667 150 > logs_KNN/salida_p19_8
../GA ../Data/DataFiles/p19 730 0.8361 0.5194 0.6139 3 1.5556 93.3333 1.9179 0.8111 0.5922 0.6289 0.0972 667 150 > logs_KNN/salida_p19_9
../GA ../Data/DataFiles/p20 722 0.8361 0.5194 0.6139 3 1.5556 93.3333 1.9179 0.8111 0.5922 0.6289 0.0972 667 150 > logs_KNN/salida_p20_0
../GA ../Data/DataFiles/p20 792 0.8361 0.5194 0.6139 3 1.5556 93.3333 1.9179 0.8111 0.5922 0.6289 0.0972 667 150 > logs_KNN/salida_p20_1
../GA ../Data/DataFiles/p20 489 0.8361 0.5194 0.6139 3 1.5556 93.3333 1.9179 0.8111 0.5922 0.6289 0.0972 667 150 > logs_KNN/salida_p20_2
../GA ../Data/DataFiles/p20 234 0.8361 0.5194 0.6139 3 1.5556 93.3333 1.9179 0.8111 0.5922 0.6289 0.0972 667 150 > logs_KNN/salida_p20_3
../GA ../Data/DataFiles/p20 865 0.8361 0.5194 0.6139 3 1.5556 93.3333 1.9179 0.8111 0.5922 0.6289 0.0972 667 150 > logs_KNN/salida_p20_4
../GA ../Data/DataFiles/p20 606 0.8361 0.5194 0.6139 3 1.5556 93.3333 1.9179 0.8111 0.5922 0.6289 0.0972 667 150 > logs_KNN/salida_p20_5
../GA ../Data/DataFiles/p20 585 0.8361 0.5194 0.6139 3 1.5556 93.3333 1.9179 0.8111 0.5922 0.6289 0.0972 667 150 > logs_KNN/salida_p20_6
../GA ../Data/DataFiles/p20 466 0.8361 0.5194 0.6139 3 1.5556 93.3333 1.9179 0.8111 0.5922 0.6289 0.0972 667 150 > logs_KNN/salida_p20_7
../GA ../Data/DataFiles/p20 662 0.8361 0.5194 0.6139 3 1.5556 93.3333 1.9179 0.8111 0.5922 0.6289 0.0972 667 150 > logs_KNN/salida_p20_8
../GA ../Data/DataFiles/p20 682 0.8361 0.5194 0.6139 3 1.5556 93.3333 1.9179 0.8111 0.5922 0.6289 0.0972 667 150 > logs_KNN/salida_p20_9
../GA ../Data/DataFiles/p21 753 0.8361 0.5194 0.6139 3 1.5556 93.3333 1.9179 0.8111 0.5922 0.6289 0.0972 667 150 > logs_KNN/salida_p21_0
../GA ../Data/DataFiles/p21 491 0.8361 0.5194 0.6139 3 1.5556 93.3333 1.9179 0.8111 0.5922 0.6289 0.0972 667 150 > logs_KNN/salida_p21_1
../GA ../Data/DataFiles/p21 183 0.8361 0.5194 0.6139 3 1.5556 93.3333 1.9179 0.8111 0.5922 0.6289 0.0972 667 150 > logs_KNN/salida_p21_2
../GA ../Data/DataFiles/p21 705 0.8361 0.5194 0.6139 3 1.5556 93.3333 1.9179 0.8111 0.5922 0.6289 0.0972 667 150 > logs_KNN/salida_p21_3
../GA ../Data/DataFiles/p21 632 0.8361 0.5194 0.6139 3 1.5556 93.3333 1.9179 0.8111 0.5922 0.6289 0.0972 667 150 > logs_KNN/salida_p21_4
../GA ../Data/DataFiles/p21 10 0.8361 0.5194 0.6139 3 1.5556 93.3333 1.9179 0.8111 0.5922 0.6289 0.0972 667 150 > logs_KNN/salida_p21_5
../GA ../Data/DataFiles/p21 238 0.8361 0.5194 0.6139 3 1.5556 93.3333 1.9179 0.8111 0.5922 0.6289 0.0972 667 150 > logs_KNN/salida_p21_6
../GA ../Data/DataFiles/p21 137 0.8361 0.5194 0.6139 3 1.5556 93.3333 1.9179 0.8111 0.5922 0.6289 0.0972 667 150 > logs_KNN/salida_p21_7
../GA ../Data/DataFiles/p21 318 0.8361 0.5194 0.6139 3 1.5556 93.3333 1.9179 0.8111 0.5922 0.6289 0.0972 667 150 > logs_KNN/salida_p21_8
../GA ../Data/DataFiles/p21 86 0.8361 0.5194 0.6139 3 1.5556 93.3333 1.9179 0.8111 0.5922 0.6289 0.0972 667 150 > logs_KNN/salida_p21_9
../GA ../Data/DataFiles/p22 289 0.8361 0.5194 0.6139 3 1.5556 93.3333 1.9179 0.8111 0.5922 0.6289 0.0972 667 150 > logs_KNN/salida_p22_0
../GA ../Data/DataFiles/p22 110 0.8361 0.5194 0.6139 3 1.5556 93.3333 1.9179 0.8111 0.5922 0.6289 0.0972 667 150 > logs_KNN/salida_p22_1
../GA ../Data/DataFiles/p22 701 0.8361 0.5194 0.6139 3 1.5556 93.3333 1.9179 0.8111 0.5922 0.6289 0.0972 667 150 > logs_KNN/salida_p22_2
../GA ../Data/DataFiles/p22 820 0.8361 0.5194 0.6139 3 1.5556 93.3333 1.9179 0.8111 0.5922 0.6289 0.0972 667 150 > logs_KNN/salida_p22_3
../GA ../Data/DataFiles/p22 819 0.8361 0.5194 0.6139 3 1.5556 93.3333 1.9179 0.8111 0.5922 0.6289 0.0972 667 150 > logs_KNN/salida_p22_4
../GA ../Data/DataFiles/p22 313 0.8361 0.5194 0.6139 3 1.5556 93.3333 1.9179 0.8111 0.5922 0.6289 0.0972 667 150 > logs_KNN/salida_p22_5
../GA ../Data/DataFiles/p22 274 0.8361 0.5194 0.6139 3 1.5556 93.3333 1.9179 0.8111 0.5922 0.6289 0.0972 667 150 > logs_KNN/salida_p22_6
../GA ../Data/DataFiles/p22 362 0.8361 0.5194 0.6139 3 1.5556 93.3333 1.9179 0.8111 0.5922 0.6289 0.0972 667 150 > logs_KNN/salida_p22_7
../GA ../Data/DataFiles/p22 188 0.8361 0.5194 0.6139 3 1.5556 93.3333 1.9179 0.8111 0.5922 0.6289 0.0972 667 150 > logs_KNN/salida_p22_8
../GA ../Data/DataFiles/p22 608 0.8361 0.5194 0.6139 3 1.5556 93.3333 1.9179 0.8111 0.5922 0.6289 0.0972 667 150 > logs_KNN/salida_p22_9
../GA ../Data/DataFiles/p23 879 0.8361 0.5194 0.6139 3 1.5556 93.3333 1.9179 0.8111 0.5922 0.6289 0.0972 667 150 > logs_KNN/salida_p23_0
../GA ../Data/DataFiles/p23 492 0.8361 0.5194 0.6139 3 1.5556 93.3333 1.9179 0.8111 0.5922 0.6289 0.0972 667 150 > logs_KNN/salida_p23_1
../GA ../Data/DataFiles/p23 574 0.8361 0.5194 0.6139 3 1.5556 93.3333 1.9179 0.8111 0.5922 0.6289 0.0972 667 150 > logs_KNN/salida_p23_2
../GA ../Data/DataFiles/p23 40 0.8361 0.5194 0.6139 3 1.5556 93.3333 1.9179 0.8111 0.5922 0.6289 0.0972 667 150 > logs_KNN/salida_p23_3
../GA ../Data/DataFiles/p23 158 0.8361 0.5194 0.6139 3 1.5556 93.3333 1.9179 0.8111 0.5922 0.6289 0.0972 667 150 > logs_KNN/salida_p23_4
../GA ../Data/DataFiles/p23 350 0.8361 0.5194 0.6139 3 1.5556 93.3333 1.9179 0.8111 0.5922 0.6289 0.0972 667 150 > logs_KNN/salida_p23_5
../GA ../Data/DataFiles/p23 53 0.8361 0.5194 0.6139 3 1.5556 93.3333 1.9179 0.8111 0.5922 0.6289 0.0972 667 150 > logs_KNN/salida_p23_6
../GA ../Data/DataFiles/p23 386 0.8361 0.5194 0.6139 3 1.5556 93.3333 1.9179 0.8111 0.5922 0.6289 0.0972 667 150 > logs_KNN/salida_p23_7
../GA ../Data/DataFiles/p23 24 0.8361 0.5194 0.6139 3 1.5556 93.3333 1.9179 0.8111 0.5922 0.6289 0.0972 667 150 > logs_KNN/salida_p23_8
../GA ../Data/DataFiles/p23 650 0.8361 0.5194 0.6139 3 1.5556 93.3333 1.9179 0.8111 0.5922 0.6289 0.0972 667 150 > logs_KNN/salida_p23_9
