../GA ../Data/DataFiles/pr01 337 0.8867883548497956 0.5966750740305078 0.6071303229883739 3 2.006138584422483 98.0336696417205 2.1585366414266836 0.8464763265610724 0.47979546849885835 0.6210325838584813 0.1258976386137403 1313 656 > logs_RF/salida_pr01_0
../GA ../Data/DataFiles/pr01 351 0.8867883548497956 0.5966750740305078 0.6071303229883739 3 2.006138584422483 98.0336696417205 2.1585366414266836 0.8464763265610724 0.47979546849885835 0.6210325838584813 0.1258976386137403 1313 656 > logs_RF/salida_pr01_1
../GA ../Data/DataFiles/pr01 891 0.8867883548497956 0.5966750740305078 0.6071303229883739 3 2.006138584422483 98.0336696417205 2.1585366414266836 0.8464763265610724 0.47979546849885835 0.6210325838584813 0.1258976386137403 1313 656 > logs_RF/salida_pr01_2
../GA ../Data/DataFiles/pr01 577 0.8867883548497956 0.5966750740305078 0.6071303229883739 3 2.006138584422483 98.0336696417205 2.1585366414266836 0.8464763265610724 0.47979546849885835 0.6210325838584813 0.1258976386137403 1313 656 > logs_RF/salida_pr01_3
../GA ../Data/DataFiles/pr01 32 0.8867883548497956 0.5966750740305078 0.6071303229883739 3 2.006138584422483 98.0336696417205 2.1585366414266836 0.8464763265610724 0.47979546849885835 0.6210325838584813 0.1258976386137403 1313 656 > logs_RF/salida_pr01_4
../GA ../Data/DataFiles/pr01 514 0.8867883548497956 0.5966750740305078 0.6071303229883739 3 2.006138584422483 98.0336696417205 2.1585366414266836 0.8464763265610724 0.47979546849885835 0.6210325838584813 0.1258976386137403 1313 656 > logs_RF/salida_pr01_5
../GA ../Data/DataFiles/pr01 847 0.8867883548497956 0.5966750740305078 0.6071303229883739 3 2.006138584422483 98.0336696417205 2.1585366414266836 0.8464763265610724 0.47979546849885835 0.6210325838584813 0.1258976386137403 1313 656 > logs_RF/salida_pr01_6
../GA ../Data/DataFiles/pr01 808 0.8867883548497956 0.5966750740305078 0.6071303229883739 3 2.006138584422483 98.0336696417205 2.1585366414266836 0.8464763265610724 0.47979546849885835 0.6210325838584813 0.1258976386137403 1313 656 > logs_RF/salida_pr01_7
../GA ../Data/DataFiles/pr01 334 0.8867883548497956 0.5966750740305078 0.6071303229883739 3 2.006138584422483 98.0336696417205 2.1585366414266836 0.8464763265610724 0.47979546849885835 0.6210325838584813 0.1258976386137403 1313 656 > logs_RF/salida_pr01_8
../GA ../Data/DataFiles/pr01 621 0.8867883548497956 0.5966750740305078 0.6071303229883739 3 2.006138584422483 98.0336696417205 2.1585366414266836 0.8464763265610724 0.47979546849885835 0.6210325838584813 0.1258976386137403 1313 656 > logs_RF/salida_pr01_9
../GA ../Data/DataFiles/pr02 343 0.914501226174955 0.6446595393454815 0.6121643790923452 3 1.701040104747731 95.79454906361687 3.0450638156413574 0.8361183504191979 0.49075092379740937 0.5863513451348696 0.13839268037361258 901 450 > logs_RF/salida_pr02_0
../GA ../Data/DataFiles/pr02 267 0.914501226174955 0.6446595393454815 0.6121643790923452 3 1.701040104747731 95.79454906361687 3.0450638156413574 0.8361183504191979 0.49075092379740937 0.5863513451348696 0.13839268037361258 901 450 > logs_RF/salida_pr02_1
../GA ../Data/DataFiles/pr02 289 0.914501226174955 0.6446595393454815 0.6121643790923452 3 1.701040104747731 95.79454906361687 3.0450638156413574 0.8361183504191979 0.49075092379740937 0.5863513451348696 0.13839268037361258 901 450 > logs_RF/salida_pr02_2
../GA ../Data/DataFiles/pr02 325 0.914501226174955 0.6446595393454815 0.6121643790923452 3 1.701040104747731 95.79454906361687 3.0450638156413574 0.8361183504191979 0.49075092379740937 0.5863513451348696 0.13839268037361258 901 450 > logs_RF/salida_pr02_3
../GA ../Data/DataFiles/pr02 749 0.914501226174955 0.6446595393454815 0.6121643790923452 3 1.701040104747731 95.79454906361687 3.0450638156413574 0.8361183504191979 0.49075092379740937 0.5863513451348696 0.13839268037361258 901 450 > logs_RF/salida_pr02_4
../GA ../Data/DataFiles/pr02 633 0.914501226174955 0.6446595393454815 0.6121643790923452 3 1.701040104747731 95.79454906361687 3.0450638156413574 0.8361183504191979 0.49075092379740937 0.5863513451348696 0.13839268037361258 901 450 > logs_RF/salida_pr02_5
../GA ../Data/DataFiles/pr02 416 0.914501226174955 0.6446595393454815 0.6121643790923452 3 1.701040104747731 95.79454906361687 3.0450638156413574 0.8361183504191979 0.49075092379740937 0.5863513451348696 0.13839268037361258 901 450 > logs_RF/salida_pr02_6
../GA ../Data/DataFiles/pr02 148 0.914501226174955 0.6446595393454815 0.6121643790923452 3 1.701040104747731 95.79454906361687 3.0450638156413574 0.8361183504191979 0.49075092379740937 0.5863513451348696 0.13839268037361258 901 450 > logs_RF/salida_pr02_7
../GA ../Data/DataFiles/pr02 703 0.914501226174955 0.6446595393454815 0.6121643790923452 3 1.701040104747731 95.79454906361687 3.0450638156413574 0.8361183504191979 0.49075092379740937 0.5863513451348696 0.13839268037361258 901 450 > logs_RF/salida_pr02_8
../GA ../Data/DataFiles/pr02 374 0.914501226174955 0.6446595393454815 0.6121643790923452 3 1.701040104747731 95.79454906361687 3.0450638156413574 0.8361183504191979 0.49075092379740937 0.5863513451348696 0.13839268037361258 901 450 > logs_RF/salida_pr02_9
../GA ../Data/DataFiles/pr03 427 0.8920002506125387 0.5915042302791554 0.6111823651866025 3 1.6523896654193257 96.11577084246576 1.2268974165508049 0.8325461646012494 0.49748639344389595 0.5753300323296584 0.12414675617853585 855 427 > logs_RF/salida_pr03_0
../GA ../Data/DataFiles/pr03 403 0.8920002506125387 0.5915042302791554 0.6111823651866025 3 1.6523896654193257 96.11577084246576 1.2268974165508049 0.8325461646012494 0.49748639344389595 0.5753300323296584 0.12414675617853585 855 427 > logs_RF/salida_pr03_1
../GA ../Data/DataFiles/pr03 910 0.8920002506125387 0.5915042302791554 0.6111823651866025 3 1.6523896654193257 96.11577084246576 1.2268974165508049 0.8325461646012494 0.49748639344389595 0.5753300323296584 0.12414675617853585 855 427 > logs_RF/salida_pr03_2
../GA ../Data/DataFiles/pr03 98 0.8920002506125387 0.5915042302791554 0.6111823651866025 3 1.6523896654193257 96.11577084246576 1.2268974165508049 0.8325461646012494 0.49748639344389595 0.5753300323296584 0.12414675617853585 855 427 > logs_RF/salida_pr03_3
../GA ../Data/DataFiles/pr03 650 0.8920002506125387 0.5915042302791554 0.6111823651866025 3 1.6523896654193257 96.11577084246576 1.2268974165508049 0.8325461646012494 0.49748639344389595 0.5753300323296584 0.12414675617853585 855 427 > logs_RF/salida_pr03_4
../GA ../Data/DataFiles/pr03 868 0.8920002506125387 0.5915042302791554 0.6111823651866025 3 1.6523896654193257 96.11577084246576 1.2268974165508049 0.8325461646012494 0.49748639344389595 0.5753300323296584 0.12414675617853585 855 427 > logs_RF/salida_pr03_5
../GA ../Data/DataFiles/pr03 194 0.8920002506125387 0.5915042302791554 0.6111823651866025 3 1.6523896654193257 96.11577084246576 1.2268974165508049 0.8325461646012494 0.49748639344389595 0.5753300323296584 0.12414675617853585 855 427 > logs_RF/salida_pr03_6
../GA ../Data/DataFiles/pr03 502 0.8920002506125387 0.5915042302791554 0.6111823651866025 3 1.6523896654193257 96.11577084246576 1.2268974165508049 0.8325461646012494 0.49748639344389595 0.5753300323296584 0.12414675617853585 855 427 > logs_RF/salida_pr03_7
../GA ../Data/DataFiles/pr03 947 0.8920002506125387 0.5915042302791554 0.6111823651866025 3 1.6523896654193257 96.11577084246576 1.2268974165508049 0.8325461646012494 0.49748639344389595 0.5753300323296584 0.12414675617853585 855 427 > logs_RF/salida_pr03_8
../GA ../Data/DataFiles/pr03 907 0.8920002506125387 0.5915042302791554 0.6111823651866025 3 1.6523896654193257 96.11577084246576 1.2268974165508049 0.8325461646012494 0.49748639344389595 0.5753300323296584 0.12414675617853585 855 427 > logs_RF/salida_pr03_9
../GA ../Data/DataFiles/pr04 484 0.9216692492222153 0.642834101757332 0.5994127506203777 3 1.6259922633863302 93.68670508712881 3.346908487118657 0.8311297498797499 0.49475544846295094 0.5651740699618317 0.14018050616991296 812 406 > logs_RF/salida_pr04_0
../GA ../Data/DataFiles/pr04 248 0.9216692492222153 0.642834101757332 0.5994127506203777 3 1.6259922633863302 93.68670508712881 3.346908487118657 0.8311297498797499 0.49475544846295094 0.5651740699618317 0.14018050616991296 812 406 > logs_RF/salida_pr04_1
../GA ../Data/DataFiles/pr04 509 0.9216692492222153 0.642834101757332 0.5994127506203777 3 1.6259922633863302 93.68670508712881 3.346908487118657 0.8311297498797499 0.49475544846295094 0.5651740699618317 0.14018050616991296 812 406 > logs_RF/salida_pr04_2
../GA ../Data/DataFiles/pr04 116 0.9216692492222153 0.642834101757332 0.5994127506203777 3 1.6259922633863302 93.68670508712881 3.346908487118657 0.8311297498797499 0.49475544846295094 0.5651740699618317 0.14018050616991296 812 406 > logs_RF/salida_pr04_3
../GA ../Data/DataFiles/pr04 12 0.9216692492222153 0.642834101757332 0.5994127506203777 3 1.6259922633863302 93.68670508712881 3.346908487118657 0.8311297498797499 0.49475544846295094 0.5651740699618317 0.14018050616991296 812 406 > logs_RF/salida_pr04_4
../GA ../Data/DataFiles/pr04 40 0.9216692492222153 0.642834101757332 0.5994127506203777 3 1.6259922633863302 93.68670508712881 3.346908487118657 0.8311297498797499 0.49475544846295094 0.5651740699618317 0.14018050616991296 812 406 > logs_RF/salida_pr04_5
../GA ../Data/DataFiles/pr04 312 0.9216692492222153 0.642834101757332 0.5994127506203777 3 1.6259922633863302 93.68670508712881 3.346908487118657 0.8311297498797499 0.49475544846295094 0.5651740699618317 0.14018050616991296 812 406 > logs_RF/salida_pr04_6
../GA ../Data/DataFiles/pr04 719 0.9216692492222153 0.642834101757332 0.5994127506203777 3 1.6259922633863302 93.68670508712881 3.346908487118657 0.8311297498797499 0.49475544846295094 0.5651740699618317 0.14018050616991296 812 406 > logs_RF/salida_pr04_7
../GA ../Data/DataFiles/pr04 668 0.9216692492222153 0.642834101757332 0.5994127506203777 3 1.6259922633863302 93.68670508712881 3.346908487118657 0.8311297498797499 0.49475544846295094 0.5651740699618317 0.14018050616991296 812 406 > logs_RF/salida_pr04_8
../GA ../Data/DataFiles/pr04 531 0.9216692492222153 0.642834101757332 0.5994127506203777 3 1.6259922633863302 93.68670508712881 3.346908487118657 0.8311297498797499 0.49475544846295094 0.5651740699618317 0.14018050616991296 812 406 > logs_RF/salida_pr04_9
../GA ../Data/DataFiles/pr05 662 0.9235713666434004 0.6470176104959255 0.6104949609398762 3 1.6871455796243924 96.96193221405085 3.6018029802902687 0.8362689954427243 0.49019630892076055 0.5916449673945936 0.14162301297258925 744 372 > logs_RF/salida_pr05_0
../GA ../Data/DataFiles/pr05 735 0.9235713666434004 0.6470176104959255 0.6104949609398762 3 1.6871455796243924 96.96193221405085 3.6018029802902687 0.8362689954427243 0.49019630892076055 0.5916449673945936 0.14162301297258925 744 372 > logs_RF/salida_pr05_1
../GA ../Data/DataFiles/pr05 173 0.9235713666434004 0.6470176104959255 0.6104949609398762 3 1.6871455796243924 96.96193221405085 3.6018029802902687 0.8362689954427243 0.49019630892076055 0.5916449673945936 0.14162301297258925 744 372 > logs_RF/salida_pr05_2
../GA ../Data/DataFiles/pr05 545 0.9235713666434004 0.6470176104959255 0.6104949609398762 3 1.6871455796243924 96.96193221405085 3.6018029802902687 0.8362689954427243 0.49019630892076055 0.5916449673945936 0.14162301297258925 744 372 > logs_RF/salida_pr05_3
../GA ../Data/DataFiles/pr05 206 0.9235713666434004 0.6470176104959255 0.6104949609398762 3 1.6871455796243924 96.96193221405085 3.6018029802902687 0.8362689954427243 0.49019630892076055 0.5916449673945936 0.14162301297258925 744 372 > logs_RF/salida_pr05_4
../GA ../Data/DataFiles/pr05 930 0.9235713666434004 0.6470176104959255 0.6104949609398762 3 1.6871455796243924 96.96193221405085 3.6018029802902687 0.8362689954427243 0.49019630892076055 0.5916449673945936 0.14162301297258925 744 372 > logs_RF/salida_pr05_5
../GA ../Data/DataFiles/pr05 566 0.9235713666434004 0.6470176104959255 0.6104949609398762 3 1.6871455796243924 96.96193221405085 3.6018029802902687 0.8362689954427243 0.49019630892076055 0.5916449673945936 0.14162301297258925 744 372 > logs_RF/salida_pr05_6
../GA ../Data/DataFiles/pr05 509 0.9235713666434004 0.6470176104959255 0.6104949609398762 3 1.6871455796243924 96.96193221405085 3.6018029802902687 0.8362689954427243 0.49019630892076055 0.5916449673945936 0.14162301297258925 744 372 > logs_RF/salida_pr05_7
../GA ../Data/DataFiles/pr05 546 0.9235713666434004 0.6470176104959255 0.6104949609398762 3 1.6871455796243924 96.96193221405085 3.6018029802902687 0.8362689954427243 0.49019630892076055 0.5916449673945936 0.14162301297258925 744 372 > logs_RF/salida_pr05_8
../GA ../Data/DataFiles/pr05 669 0.9235713666434004 0.6470176104959255 0.6104949609398762 3 1.6871455796243924 96.96193221405085 3.6018029802902687 0.8362689954427243 0.49019630892076055 0.5916449673945936 0.14162301297258925 744 372 > logs_RF/salida_pr05_9
../GA ../Data/DataFiles/pr06 500 0.9245160058083787 0.6446967424123455 0.5989687838840382 3 1.635501476709103 93.58374652654314 3.893184611763002 0.8283488537513961 0.5204369623351428 0.5705549229443796 0.14308082352362014 709 354 > logs_RF/salida_pr06_0
../GA ../Data/DataFiles/pr06 587 0.9245160058083787 0.6446967424123455 0.5989687838840382 3 1.635501476709103 93.58374652654314 3.893184611763002 0.8283488537513961 0.5204369623351428 0.5705549229443796 0.14308082352362014 709 354 > logs_RF/salida_pr06_1
../GA ../Data/DataFiles/pr06 124 0.9245160058083787 0.6446967424123455 0.5989687838840382 3 1.635501476709103 93.58374652654314 3.893184611763002 0.8283488537513961 0.5204369623351428 0.5705549229443796 0.14308082352362014 709 354 > logs_RF/salida_pr06_2
../GA ../Data/DataFiles/pr06 568 0.9245160058083787 0.6446967424123455 0.5989687838840382 3 1.635501476709103 93.58374652654314 3.893184611763002 0.8283488537513961 0.5204369623351428 0.5705549229443796 0.14308082352362014 709 354 > logs_RF/salida_pr06_3
../GA ../Data/DataFiles/pr06 720 0.9245160058083787 0.6446967424123455 0.5989687838840382 3 1.635501476709103 93.58374652654314 3.893184611763002 0.8283488537513961 0.5204369623351428 0.5705549229443796 0.14308082352362014 709 354 > logs_RF/salida_pr06_4
../GA ../Data/DataFiles/pr06 921 0.9245160058083787 0.6446967424123455 0.5989687838840382 3 1.635501476709103 93.58374652654314 3.893184611763002 0.8283488537513961 0.5204369623351428 0.5705549229443796 0.14308082352362014 709 354 > logs_RF/salida_pr06_5
../GA ../Data/DataFiles/pr06 885 0.9245160058083787 0.6446967424123455 0.5989687838840382 3 1.635501476709103 93.58374652654314 3.893184611763002 0.8283488537513961 0.5204369623351428 0.5705549229443796 0.14308082352362014 709 354 > logs_RF/salida_pr06_6
../GA ../Data/DataFiles/pr06 728 0.9245160058083787 0.6446967424123455 0.5989687838840382 3 1.635501476709103 93.58374652654314 3.893184611763002 0.8283488537513961 0.5204369623351428 0.5705549229443796 0.14308082352362014 709 354 > logs_RF/salida_pr06_7
../GA ../Data/DataFiles/pr06 900 0.9245160058083787 0.6446967424123455 0.5989687838840382 3 1.635501476709103 93.58374652654314 3.893184611763002 0.8283488537513961 0.5204369623351428 0.5705549229443796 0.14308082352362014 709 354 > logs_RF/salida_pr06_8
../GA ../Data/DataFiles/pr06 858 0.9245160058083787 0.6446967424123455 0.5989687838840382 3 1.635501476709103 93.58374652654314 3.893184611763002 0.8283488537513961 0.5204369623351428 0.5705549229443796 0.14308082352362014 709 354 > logs_RF/salida_pr06_9
../GA ../Data/DataFiles/pr07 714 0.8840584168656203 0.6203025702003767 0.6096348268805896 3 1.988633451451248 95.39191544488155 2.5578478021272506 0.8312603263026992 0.49098090860802723 0.6079770480571827 0.12329767039300937 1197 599 > logs_RF/salida_pr07_0
../GA ../Data/DataFiles/pr07 59 0.8840584168656203 0.6203025702003767 0.6096348268805896 3 1.988633451451248 95.39191544488155 2.5578478021272506 0.8312603263026992 0.49098090860802723 0.6079770480571827 0.12329767039300937 1197 599 > logs_RF/salida_pr07_1
../GA ../Data/DataFiles/pr07 959 0.8840584168656203 0.6203025702003767 0.6096348268805896 3 1.988633451451248 95.39191544488155 2.5578478021272506 0.8312603263026992 0.49098090860802723 0.6079770480571827 0.12329767039300937 1197 599 > logs_RF/salida_pr07_2
../GA ../Data/DataFiles/pr07 662 0.8840584168656203 0.6203025702003767 0.6096348268805896 3 1.988633451451248 95.39191544488155 2.5578478021272506 0.8312603263026992 0.49098090860802723 0.6079770480571827 0.12329767039300937 1197 599 > logs_RF/salida_pr07_3
../GA ../Data/DataFiles/pr07 627 0.8840584168656203 0.6203025702003767 0.6096348268805896 3 1.988633451451248 95.39191544488155 2.5578478021272506 0.8312603263026992 0.49098090860802723 0.6079770480571827 0.12329767039300937 1197 599 > logs_RF/salida_pr07_4
../GA ../Data/DataFiles/pr07 380 0.8840584168656203 0.6203025702003767 0.6096348268805896 3 1.988633451451248 95.39191544488155 2.5578478021272506 0.8312603263026992 0.49098090860802723 0.6079770480571827 0.12329767039300937 1197 599 > logs_RF/salida_pr07_5
../GA ../Data/DataFiles/pr07 167 0.8840584168656203 0.6203025702003767 0.6096348268805896 3 1.988633451451248 95.39191544488155 2.5578478021272506 0.8312603263026992 0.49098090860802723 0.6079770480571827 0.12329767039300937 1197 599 > logs_RF/salida_pr07_6
../GA ../Data/DataFiles/pr07 900 0.8840584168656203 0.6203025702003767 0.6096348268805896 3 1.988633451451248 95.39191544488155 2.5578478021272506 0.8312603263026992 0.49098090860802723 0.6079770480571827 0.12329767039300937 1197 599 > logs_RF/salida_pr07_7
../GA ../Data/DataFiles/pr07 124 0.8840584168656203 0.6203025702003767 0.6096348268805896 3 1.988633451451248 95.39191544488155 2.5578478021272506 0.8312603263026992 0.49098090860802723 0.6079770480571827 0.12329767039300937 1197 599 > logs_RF/salida_pr07_8
../GA ../Data/DataFiles/pr07 477 0.8840584168656203 0.6203025702003767 0.6096348268805896 3 1.988633451451248 95.39191544488155 2.5578478021272506 0.8312603263026992 0.49098090860802723 0.6079770480571827 0.12329767039300937 1197 599 > logs_RF/salida_pr07_9
../GA ../Data/DataFiles/pr08 459 0.8984855426274918 0.6045073037907036 0.6161608730252799 3 1.6760183907429664 96.526141858769 2.6675593514771485 0.8379555025953331 0.4927304729676365 0.5809662451438374 0.13195639192884956 776 388 > logs_RF/salida_pr08_0
../GA ../Data/DataFiles/pr08 357 0.8984855426274918 0.6045073037907036 0.6161608730252799 3 1.6760183907429664 96.526141858769 2.6675593514771485 0.8379555025953331 0.4927304729676365 0.5809662451438374 0.13195639192884956 776 388 > logs_RF/salida_pr08_1
../GA ../Data/DataFiles/pr08 453 0.8984855426274918 0.6045073037907036 0.6161608730252799 3 1.6760183907429664 96.526141858769 2.6675593514771485 0.8379555025953331 0.4927304729676365 0.5809662451438374 0.13195639192884956 776 388 > logs_RF/salida_pr08_2
../GA ../Data/DataFiles/pr08 310 0.8984855426274918 0.6045073037907036 0.6161608730252799 3 1.6760183907429664 96.526141858769 2.6675593514771485 0.8379555025953331 0.4927304729676365 0.5809662451438374 0.13195639192884956 776 388 > logs_RF/salida_pr08_3
../GA ../Data/DataFiles/pr08 729 0.8984855426274918 0.6045073037907036 0.6161608730252799 3 1.6760183907429664 96.526141858769 2.6675593514771485 0.8379555025953331 0.4927304729676365 0.5809662451438374 0.13195639192884956 776 388 > logs_RF/salida_pr08_4
../GA ../Data/DataFiles/pr08 637 0.8984855426274918 0.6045073037907036 0.6161608730252799 3 1.6760183907429664 96.526141858769 2.6675593514771485 0.8379555025953331 0.4927304729676365 0.5809662451438374 0.13195639192884956 776 388 > logs_RF/salida_pr08_5
../GA ../Data/DataFiles/pr08 548 0.8984855426274918 0.6045073037907036 0.6161608730252799 3 1.6760183907429664 96.526141858769 2.6675593514771485 0.8379555025953331 0.4927304729676365 0.5809662451438374 0.13195639192884956 776 388 > logs_RF/salida_pr08_6
../GA ../Data/DataFiles/pr08 79 0.8984855426274918 0.6045073037907036 0.6161608730252799 3 1.6760183907429664 96.526141858769 2.6675593514771485 0.8379555025953331 0.4927304729676365 0.5809662451438374 0.13195639192884956 776 388 > logs_RF/salida_pr08_7
../GA ../Data/DataFiles/pr08 932 0.8984855426274918 0.6045073037907036 0.6161608730252799 3 1.6760183907429664 96.526141858769 2.6675593514771485 0.8379555025953331 0.4927304729676365 0.5809662451438374 0.13195639192884956 776 388 > logs_RF/salida_pr08_8
../GA ../Data/DataFiles/pr08 37 0.8984855426274918 0.6045073037907036 0.6161608730252799 3 1.6760183907429664 96.526141858769 2.6675593514771485 0.8379555025953331 0.4927304729676365 0.5809662451438374 0.13195639192884956 776 388 > logs_RF/salida_pr08_9
../GA ../Data/DataFiles/pr09 330 0.9062074080188487 0.6136195059325668 0.6154006770849991 3 1.6606325916707265 95.80480501828956 3.097519826297368 0.8361916716365869 0.4924697951645858 0.5775873268242411 0.13450461661690474 687 343 > logs_RF/salida_pr09_0
../GA ../Data/DataFiles/pr09 174 0.9062074080188487 0.6136195059325668 0.6154006770849991 3 1.6606325916707265 95.80480501828956 3.097519826297368 0.8361916716365869 0.4924697951645858 0.5775873268242411 0.13450461661690474 687 343 > logs_RF/salida_pr09_1
../GA ../Data/DataFiles/pr09 986 0.9062074080188487 0.6136195059325668 0.6154006770849991 3 1.6606325916707265 95.80480501828956 3.097519826297368 0.8361916716365869 0.4924697951645858 0.5775873268242411 0.13450461661690474 687 343 > logs_RF/salida_pr09_2
../GA ../Data/DataFiles/pr09 278 0.9062074080188487 0.6136195059325668 0.6154006770849991 3 1.6606325916707265 95.80480501828956 3.097519826297368 0.8361916716365869 0.4924697951645858 0.5775873268242411 0.13450461661690474 687 343 > logs_RF/salida_pr09_3
../GA ../Data/DataFiles/pr09 109 0.9062074080188487 0.6136195059325668 0.6154006770849991 3 1.6606325916707265 95.80480501828956 3.097519826297368 0.8361916716365869 0.4924697951645858 0.5775873268242411 0.13450461661690474 687 343 > logs_RF/salida_pr09_4
../GA ../Data/DataFiles/pr09 35 0.9062074080188487 0.6136195059325668 0.6154006770849991 3 1.6606325916707265 95.80480501828956 3.097519826297368 0.8361916716365869 0.4924697951645858 0.5775873268242411 0.13450461661690474 687 343 > logs_RF/salida_pr09_5
../GA ../Data/DataFiles/pr09 988 0.9062074080188487 0.6136195059325668 0.6154006770849991 3 1.6606325916707265 95.80480501828956 3.097519826297368 0.8361916716365869 0.4924697951645858 0.5775873268242411 0.13450461661690474 687 343 > logs_RF/salida_pr09_6
../GA ../Data/DataFiles/pr09 844 0.9062074080188487 0.6136195059325668 0.6154006770849991 3 1.6606325916707265 95.80480501828956 3.097519826297368 0.8361916716365869 0.4924697951645858 0.5775873268242411 0.13450461661690474 687 343 > logs_RF/salida_pr09_7
../GA ../Data/DataFiles/pr09 805 0.9062074080188487 0.6136195059325668 0.6154006770849991 3 1.6606325916707265 95.80480501828956 3.097519826297368 0.8361916716365869 0.4924697951645858 0.5775873268242411 0.13450461661690474 687 343 > logs_RF/salida_pr09_8
../GA ../Data/DataFiles/pr09 653 0.9062074080188487 0.6136195059325668 0.6154006770849991 3 1.6606325916707265 95.80480501828956 3.097519826297368 0.8361916716365869 0.4924697951645858 0.5775873268242411 0.13450461661690474 687 343 > logs_RF/salida_pr09_9
../GA ../Data/DataFiles/pr10 193 0.9194104436053588 0.6287571625320878 0.6002606832903443 3 1.6149832237755959 95.40227106540667 3.810152065746558 0.8280019439129609 0.4998381429185268 0.5624186322106313 0.1416944986118715 660 330 > logs_RF/salida_pr10_0
../GA ../Data/DataFiles/pr10 953 0.9194104436053588 0.6287571625320878 0.6002606832903443 3 1.6149832237755959 95.40227106540667 3.810152065746558 0.8280019439129609 0.4998381429185268 0.5624186322106313 0.1416944986118715 660 330 > logs_RF/salida_pr10_1
../GA ../Data/DataFiles/pr10 597 0.9194104436053588 0.6287571625320878 0.6002606832903443 3 1.6149832237755959 95.40227106540667 3.810152065746558 0.8280019439129609 0.4998381429185268 0.5624186322106313 0.1416944986118715 660 330 > logs_RF/salida_pr10_2
../GA ../Data/DataFiles/pr10 578 0.9194104436053588 0.6287571625320878 0.6002606832903443 3 1.6149832237755959 95.40227106540667 3.810152065746558 0.8280019439129609 0.4998381429185268 0.5624186322106313 0.1416944986118715 660 330 > logs_RF/salida_pr10_3
../GA ../Data/DataFiles/pr10 291 0.9194104436053588 0.6287571625320878 0.6002606832903443 3 1.6149832237755959 95.40227106540667 3.810152065746558 0.8280019439129609 0.4998381429185268 0.5624186322106313 0.1416944986118715 660 330 > logs_RF/salida_pr10_4
../GA ../Data/DataFiles/pr10 914 0.9194104436053588 0.6287571625320878 0.6002606832903443 3 1.6149832237755959 95.40227106540667 3.810152065746558 0.8280019439129609 0.4998381429185268 0.5624186322106313 0.1416944986118715 660 330 > logs_RF/salida_pr10_5
../GA ../Data/DataFiles/pr10 330 0.9194104436053588 0.6287571625320878 0.6002606832903443 3 1.6149832237755959 95.40227106540667 3.810152065746558 0.8280019439129609 0.4998381429185268 0.5624186322106313 0.1416944986118715 660 330 > logs_RF/salida_pr10_6
../GA ../Data/DataFiles/pr10 962 0.9194104436053588 0.6287571625320878 0.6002606832903443 3 1.6149832237755959 95.40227106540667 3.810152065746558 0.8280019439129609 0.4998381429185268 0.5624186322106313 0.1416944986118715 660 330 > logs_RF/salida_pr10_7
../GA ../Data/DataFiles/pr10 79 0.9194104436053588 0.6287571625320878 0.6002606832903443 3 1.6149832237755959 95.40227106540667 3.810152065746558 0.8280019439129609 0.4998381429185268 0.5624186322106313 0.1416944986118715 660 330 > logs_RF/salida_pr10_8
../GA ../Data/DataFiles/pr10 377 0.9194104436053588 0.6287571625320878 0.6002606832903443 3 1.6149832237755959 95.40227106540667 3.810152065746558 0.8280019439129609 0.4998381429185268 0.5624186322106313 0.1416944986118715 660 330 > logs_RF/salida_pr10_9
../GA ../Data/DataFiles/p01 893 0.8762476220421136 0.6259120501281519 0.6097143969495664 3 2.025848417903503 96.85833540282694 0.5116701230737248 0.8533984824027196 0.46554317998385797 0.6263972135836543 0.12339421681582699 1340 670 > logs_RF/salida_p01_0
../GA ../Data/DataFiles/p01 586 0.8762476220421136 0.6259120501281519 0.6097143969495664 3 2.025848417903503 96.85833540282694 0.5116701230737248 0.8533984824027196 0.46554317998385797 0.6263972135836543 0.12339421681582699 1340 670 > logs_RF/salida_p01_1
../GA ../Data/DataFiles/p01 512 0.8762476220421136 0.6259120501281519 0.6097143969495664 3 2.025848417903503 96.85833540282694 0.5116701230737248 0.8533984824027196 0.46554317998385797 0.6263972135836543 0.12339421681582699 1340 670 > logs_RF/salida_p01_2
../GA ../Data/DataFiles/p01 546 0.8762476220421136 0.6259120501281519 0.6097143969495664 3 2.025848417903503 96.85833540282694 0.5116701230737248 0.8533984824027196 0.46554317998385797 0.6263972135836543 0.12339421681582699 1340 670 > logs_RF/salida_p01_3
../GA ../Data/DataFiles/p01 128 0.8762476220421136 0.6259120501281519 0.6097143969495664 3 2.025848417903503 96.85833540282694 0.5116701230737248 0.8533984824027196 0.46554317998385797 0.6263972135836543 0.12339421681582699 1340 670 > logs_RF/salida_p01_4
../GA ../Data/DataFiles/p01 949 0.8762476220421136 0.6259120501281519 0.6097143969495664 3 2.025848417903503 96.85833540282694 0.5116701230737248 0.8533984824027196 0.46554317998385797 0.6263972135836543 0.12339421681582699 1340 670 > logs_RF/salida_p01_5
../GA ../Data/DataFiles/p01 501 0.8762476220421136 0.6259120501281519 0.6097143969495664 3 2.025848417903503 96.85833540282694 0.5116701230737248 0.8533984824027196 0.46554317998385797 0.6263972135836543 0.12339421681582699 1340 670 > logs_RF/salida_p01_6
../GA ../Data/DataFiles/p01 207 0.8762476220421136 0.6259120501281519 0.6097143969495664 3 2.025848417903503 96.85833540282694 0.5116701230737248 0.8533984824027196 0.46554317998385797 0.6263972135836543 0.12339421681582699 1340 670 > logs_RF/salida_p01_7
../GA ../Data/DataFiles/p01 421 0.8762476220421136 0.6259120501281519 0.6097143969495664 3 2.025848417903503 96.85833540282694 0.5116701230737248 0.8533984824027196 0.46554317998385797 0.6263972135836543 0.12339421681582699 1340 670 > logs_RF/salida_p01_8
../GA ../Data/DataFiles/p01 806 0.8762476220421136 0.6259120501281519 0.6097143969495664 3 2.025848417903503 96.85833540282694 0.5116701230737248 0.8533984824027196 0.46554317998385797 0.6263972135836543 0.12339421681582699 1340 670 > logs_RF/salida_p01_9
../GA ../Data/DataFiles/p02 307 0.8758296047173166 0.6164074876786741 0.6064781973362482 3 1.9989327723437893 95.9502257786156 0.5772744993628472 0.8489761360735937 0.47491860368131555 0.619298540599388 0.12278546382995534 1337 669 > logs_RF/salida_p02_0
../GA ../Data/DataFiles/p02 267 0.8758296047173166 0.6164074876786741 0.6064781973362482 3 1.9989327723437893 95.9502257786156 0.5772744993628472 0.8489761360735937 0.47491860368131555 0.619298540599388 0.12278546382995534 1337 669 > logs_RF/salida_p02_1
../GA ../Data/DataFiles/p02 552 0.8758296047173166 0.6164074876786741 0.6064781973362482 3 1.9989327723437893 95.9502257786156 0.5772744993628472 0.8489761360735937 0.47491860368131555 0.619298540599388 0.12278546382995534 1337 669 > logs_RF/salida_p02_2
../GA ../Data/DataFiles/p02 645 0.8758296047173166 0.6164074876786741 0.6064781973362482 3 1.9989327723437893 95.9502257786156 0.5772744993628472 0.8489761360735937 0.47491860368131555 0.619298540599388 0.12278546382995534 1337 669 > logs_RF/salida_p02_3
../GA ../Data/DataFiles/p02 6 0.8758296047173166 0.6164074876786741 0.6064781973362482 3 1.9989327723437893 95.9502257786156 0.5772744993628472 0.8489761360735937 0.47491860368131555 0.619298540599388 0.12278546382995534 1337 669 > logs_RF/salida_p02_4
../GA ../Data/DataFiles/p02 389 0.8758296047173166 0.6164074876786741 0.6064781973362482 3 1.9989327723437893 95.9502257786156 0.5772744993628472 0.8489761360735937 0.47491860368131555 0.619298540599388 0.12278546382995534 1337 669 > logs_RF/salida_p02_5
../GA ../Data/DataFiles/p02 849 0.8758296047173166 0.6164074876786741 0.6064781973362482 3 1.9989327723437893 95.9502257786156 0.5772744993628472 0.8489761360735937 0.47491860368131555 0.619298540599388 0.12278546382995534 1337 669 > logs_RF/salida_p02_6
../GA ../Data/DataFiles/p02 202 0.8758296047173166 0.6164074876786741 0.6064781973362482 3 1.9989327723437893 95.9502257786156 0.5772744993628472 0.8489761360735937 0.47491860368131555 0.619298540599388 0.12278546382995534 1337 669 > logs_RF/salida_p02_7
../GA ../Data/DataFiles/p02 389 0.8758296047173166 0.6164074876786741 0.6064781973362482 3 1.9989327723437893 95.9502257786156 0.5772744993628472 0.8489761360735937 0.47491860368131555 0.619298540599388 0.12278546382995534 1337 669 > logs_RF/salida_p02_8
../GA ../Data/DataFiles/p02 933 0.8758296047173166 0.6164074876786741 0.6064781973362482 3 1.9989327723437893 95.9502257786156 0.5772744993628472 0.8489761360735937 0.47491860368131555 0.619298540599388 0.12278546382995534 1337 669 > logs_RF/salida_p02_9
../GA ../Data/DataFiles/p03 806 0.9092934454904794 0.6701222835544869 0.6019591711646796 3 1.7796319891658872 92.28509563255325 3.5530421124230447 0.8419163228485262 0.47673967259984207 0.6019590205776647 0.1427061994032333 1017 509 > logs_RF/salida_p03_0
../GA ../Data/DataFiles/p03 358 0.9092934454904794 0.6701222835544869 0.6019591711646796 3 1.7796319891658872 92.28509563255325 3.5530421124230447 0.8419163228485262 0.47673967259984207 0.6019590205776647 0.1427061994032333 1017 509 > logs_RF/salida_p03_1
../GA ../Data/DataFiles/p03 231 0.9092934454904794 0.6701222835544869 0.6019591711646796 3 1.7796319891658872 92.28509563255325 3.5530421124230447 0.8419163228485262 0.47673967259984207 0.6019590205776647 0.1427061994032333 1017 509 > logs_RF/salida_p03_2
../GA ../Data/DataFiles/p03 5 0.9092934454904794 0.6701222835544869 0.6019591711646796 3 1.7796319891658872 92.28509563255325 3.5530421124230447 0.8419163228485262 0.47673967259984207 0.6019590205776647 0.1427061994032333 1017 509 > logs_RF/salida_p03_3
../GA ../Data/DataFiles/p03 571 0.9092934454904794 0.6701222835544869 0.6019591711646796 3 1.7796319891658872 92.28509563255325 3.5530421124230447 0.8419163228485262 0.47673967259984207 0.6019590205776647 0.1427061994032333 1017 509 > logs_RF/salida_p03_4
../GA ../Data/DataFiles/p03 548 0.9092934454904794 0.6701222835544869 0.6019591711646796 3 1.7796319891658872 92.28509563255325 3.5530421124230447 0.8419163228485262 0.47673967259984207 0.6019590205776647 0.1427061994032333 1017 509 > logs_RF/salida_p03_5
../GA ../Data/DataFiles/p03 674 0.9092934454904794 0.6701222835544869 0.6019591711646796 3 1.7796319891658872 92.28509563255325 3.5530421124230447 0.8419163228485262 0.47673967259984207 0.6019590205776647 0.1427061994032333 1017 509 > logs_RF/salida_p03_6
../GA ../Data/DataFiles/p03 342 0.9092934454904794 0.6701222835544869 0.6019591711646796 3 1.7796319891658872 92.28509563255325 3.5530421124230447 0.8419163228485262 0.47673967259984207 0.6019590205776647 0.1427061994032333 1017 509 > logs_RF/salida_p03_7
../GA ../Data/DataFiles/p03 778 0.9092934454904794 0.6701222835544869 0.6019591711646796 3 1.7796319891658872 92.28509563255325 3.5530421124230447 0.8419163228485262 0.47673967259984207 0.6019590205776647 0.1427061994032333 1017 509 > logs_RF/salida_p03_8
../GA ../Data/DataFiles/p03 131 0.9092934454904794 0.6701222835544869 0.6019591711646796 3 1.7796319891658872 92.28509563255325 3.5530421124230447 0.8419163228485262 0.47673967259984207 0.6019590205776647 0.1427061994032333 1017 509 > logs_RF/salida_p03_9
../GA ../Data/DataFiles/p04 699 0.9250316949999153 0.6184916644874272 0.4948665748877613 3 1.7081964567134051 84.00998757990284 3.2389675197997225 0.8182660450033332 0.50219646173036 0.5430966642428506 0.1236771757746334 956 478 > logs_RF/salida_p04_0
../GA ../Data/DataFiles/p04 124 0.9250316949999153 0.6184916644874272 0.4948665748877613 3 1.7081964567134051 84.00998757990284 3.2389675197997225 0.8182660450033332 0.50219646173036 0.5430966642428506 0.1236771757746334 956 478 > logs_RF/salida_p04_1
../GA ../Data/DataFiles/p04 823 0.9250316949999153 0.6184916644874272 0.4948665748877613 3 1.7081964567134051 84.00998757990284 3.2389675197997225 0.8182660450033332 0.50219646173036 0.5430966642428506 0.1236771757746334 956 478 > logs_RF/salida_p04_2
../GA ../Data/DataFiles/p04 32 0.9250316949999153 0.6184916644874272 0.4948665748877613 3 1.7081964567134051 84.00998757990284 3.2389675197997225 0.8182660450033332 0.50219646173036 0.5430966642428506 0.1236771757746334 956 478 > logs_RF/salida_p04_3
../GA ../Data/DataFiles/p04 274 0.9250316949999153 0.6184916644874272 0.4948665748877613 3 1.7081964567134051 84.00998757990284 3.2389675197997225 0.8182660450033332 0.50219646173036 0.5430966642428506 0.1236771757746334 956 478 > logs_RF/salida_p04_4
../GA ../Data/DataFiles/p04 39 0.9250316949999153 0.6184916644874272 0.4948665748877613 3 1.7081964567134051 84.00998757990284 3.2389675197997225 0.8182660450033332 0.50219646173036 0.5430966642428506 0.1236771757746334 956 478 > logs_RF/salida_p04_5
../GA ../Data/DataFiles/p04 848 0.9250316949999153 0.6184916644874272 0.4948665748877613 3 1.7081964567134051 84.00998757990284 3.2389675197997225 0.8182660450033332 0.50219646173036 0.5430966642428506 0.1236771757746334 956 478 > logs_RF/salida_p04_6
../GA ../Data/DataFiles/p04 589 0.9250316949999153 0.6184916644874272 0.4948665748877613 3 1.7081964567134051 84.00998757990284 3.2389675197997225 0.8182660450033332 0.50219646173036 0.5430966642428506 0.1236771757746334 956 478 > logs_RF/salida_p04_7
../GA ../Data/DataFiles/p04 404 0.9250316949999153 0.6184916644874272 0.4948665748877613 3 1.7081964567134051 84.00998757990284 3.2389675197997225 0.8182660450033332 0.50219646173036 0.5430966642428506 0.1236771757746334 956 478 > logs_RF/salida_p04_8
../GA ../Data/DataFiles/p04 878 0.9250316949999153 0.6184916644874272 0.4948665748877613 3 1.7081964567134051 84.00998757990284 3.2389675197997225 0.8182660450033332 0.50219646173036 0.5430966642428506 0.1236771757746334 956 478 > logs_RF/salida_p04_9
../GA ../Data/DataFiles/p05 234 0.9376495389419118 0.6376322531831006 0.49637004630648696 3 1.6609944826046517 83.82443004265038 3.1824966104360164 0.8200437133487981 0.4934538071507164 0.5304134663156348 0.13574642275489734 950 475 > logs_RF/salida_p05_0
../GA ../Data/DataFiles/p05 774 0.9376495389419118 0.6376322531831006 0.49637004630648696 3 1.6609944826046517 83.82443004265038 3.1824966104360164 0.8200437133487981 0.4934538071507164 0.5304134663156348 0.13574642275489734 950 475 > logs_RF/salida_p05_1
../GA ../Data/DataFiles/p05 939 0.9376495389419118 0.6376322531831006 0.49637004630648696 3 1.6609944826046517 83.82443004265038 3.1824966104360164 0.8200437133487981 0.4934538071507164 0.5304134663156348 0.13574642275489734 950 475 > logs_RF/salida_p05_2
../GA ../Data/DataFiles/p05 273 0.9376495389419118 0.6376322531831006 0.49637004630648696 3 1.6609944826046517 83.82443004265038 3.1824966104360164 0.8200437133487981 0.4934538071507164 0.5304134663156348 0.13574642275489734 950 475 > logs_RF/salida_p05_3
../GA ../Data/DataFiles/p05 631 0.9376495389419118 0.6376322531831006 0.49637004630648696 3 1.6609944826046517 83.82443004265038 3.1824966104360164 0.8200437133487981 0.4934538071507164 0.5304134663156348 0.13574642275489734 950 475 > logs_RF/salida_p05_4
../GA ../Data/DataFiles/p05 694 0.9376495389419118 0.6376322531831006 0.49637004630648696 3 1.6609944826046517 83.82443004265038 3.1824966104360164 0.8200437133487981 0.4934538071507164 0.5304134663156348 0.13574642275489734 950 475 > logs_RF/salida_p05_5
../GA ../Data/DataFiles/p05 891 0.9376495389419118 0.6376322531831006 0.49637004630648696 3 1.6609944826046517 83.82443004265038 3.1824966104360164 0.8200437133487981 0.4934538071507164 0.5304134663156348 0.13574642275489734 950 475 > logs_RF/salida_p05_6
../GA ../Data/DataFiles/p05 625 0.9376495389419118 0.6376322531831006 0.49637004630648696 3 1.6609944826046517 83.82443004265038 3.1824966104360164 0.8200437133487981 0.4934538071507164 0.5304134663156348 0.13574642275489734 950 475 > logs_RF/salida_p05_7
../GA ../Data/DataFiles/p05 276 0.9376495389419118 0.6376322531831006 0.49637004630648696 3 1.6609944826046517 83.82443004265038 3.1824966104360164 0.8200437133487981 0.4934538071507164 0.5304134663156348 0.13574642275489734 950 475 > logs_RF/salida_p05_8
../GA ../Data/DataFiles/p05 369 0.9376495389419118 0.6376322531831006 0.49637004630648696 3 1.6609944826046517 83.82443004265038 3.1824966104360164 0.8200437133487981 0.4934538071507164 0.5304134663156348 0.13574642275489734 950 475 > logs_RF/salida_p05_9
../GA ../Data/DataFiles/p06 681 0.9405295794914439 0.6544868463300666 0.4968626547651971 3 1.6503963864133349 83.53110942729586 3.1454676961926955 0.8209918001019696 0.4927693489812134 0.5355354309845836 0.13894112275044482 959 479 > logs_RF/salida_p06_0
../GA ../Data/DataFiles/p06 697 0.9405295794914439 0.6544868463300666 0.4968626547651971 3 1.6503963864133349 83.53110942729586 3.1454676961926955 0.8209918001019696 0.4927693489812134 0.5355354309845836 0.13894112275044482 959 479 > logs_RF/salida_p06_1
../GA ../Data/DataFiles/p06 178 0.9405295794914439 0.6544868463300666 0.4968626547651971 3 1.6503963864133349 83.53110942729586 3.1454676961926955 0.8209918001019696 0.4927693489812134 0.5355354309845836 0.13894112275044482 959 479 > logs_RF/salida_p06_2
../GA ../Data/DataFiles/p06 825 0.9405295794914439 0.6544868463300666 0.4968626547651971 3 1.6503963864133349 83.53110942729586 3.1454676961926955 0.8209918001019696 0.4927693489812134 0.5355354309845836 0.13894112275044482 959 479 > logs_RF/salida_p06_3
../GA ../Data/DataFiles/p06 36 0.9405295794914439 0.6544868463300666 0.4968626547651971 3 1.6503963864133349 83.53110942729586 3.1454676961926955 0.8209918001019696 0.4927693489812134 0.5355354309845836 0.13894112275044482 959 479 > logs_RF/salida_p06_4
../GA ../Data/DataFiles/p06 925 0.9405295794914439 0.6544868463300666 0.4968626547651971 3 1.6503963864133349 83.53110942729586 3.1454676961926955 0.8209918001019696 0.4927693489812134 0.5355354309845836 0.13894112275044482 959 479 > logs_RF/salida_p06_5
../GA ../Data/DataFiles/p06 514 0.9405295794914439 0.6544868463300666 0.4968626547651971 3 1.6503963864133349 83.53110942729586 3.1454676961926955 0.8209918001019696 0.4927693489812134 0.5355354309845836 0.13894112275044482 959 479 > logs_RF/salida_p06_6
../GA ../Data/DataFiles/p06 587 0.9405295794914439 0.6544868463300666 0.4968626547651971 3 1.6503963864133349 83.53110942729586 3.1454676961926955 0.8209918001019696 0.4927693489812134 0.5355354309845836 0.13894112275044482 959 479 > logs_RF/salida_p06_7
../GA ../Data/DataFiles/p06 95 0.9405295794914439 0.6544868463300666 0.4968626547651971 3 1.6503963864133349 83.53110942729586 3.1454676961926955 0.8209918001019696 0.4927693489812134 0.5355354309845836 0.13894112275044482 959 479 > logs_RF/salida_p06_8
../GA ../Data/DataFiles/p06 343 0.9405295794914439 0.6544868463300666 0.4968626547651971 3 1.6503963864133349 83.53110942729586 3.1454676961926955 0.8209918001019696 0.4927693489812134 0.5355354309845836 0.13894112275044482 959 479 > logs_RF/salida_p06_9
../GA ../Data/DataFiles/p07 583 0.8971234039030649 0.6374635048401249 0.6087171722659012 3 1.6609995897072163 93.20473609880389 1.247931489085302 0.8358882391933239 0.49301663371154897 0.5725005780471882 0.13127274937868158 952 476 > logs_RF/salida_p07_0
../GA ../Data/DataFiles/p07 498 0.8971234039030649 0.6374635048401249 0.6087171722659012 3 1.6609995897072163 93.20473609880389 1.247931489085302 0.8358882391933239 0.49301663371154897 0.5725005780471882 0.13127274937868158 952 476 > logs_RF/salida_p07_1
../GA ../Data/DataFiles/p07 2 0.8971234039030649 0.6374635048401249 0.6087171722659012 3 1.6609995897072163 93.20473609880389 1.247931489085302 0.8358882391933239 0.49301663371154897 0.5725005780471882 0.13127274937868158 952 476 > logs_RF/salida_p07_2
../GA ../Data/DataFiles/p07 813 0.8971234039030649 0.6374635048401249 0.6087171722659012 3 1.6609995897072163 93.20473609880389 1.247931489085302 0.8358882391933239 0.49301663371154897 0.5725005780471882 0.13127274937868158 952 476 > logs_RF/salida_p07_3
../GA ../Data/DataFiles/p07 174 0.8971234039030649 0.6374635048401249 0.6087171722659012 3 1.6609995897072163 93.20473609880389 1.247931489085302 0.8358882391933239 0.49301663371154897 0.5725005780471882 0.13127274937868158 952 476 > logs_RF/salida_p07_4
../GA ../Data/DataFiles/p07 807 0.8971234039030649 0.6374635048401249 0.6087171722659012 3 1.6609995897072163 93.20473609880389 1.247931489085302 0.8358882391933239 0.49301663371154897 0.5725005780471882 0.13127274937868158 952 476 > logs_RF/salida_p07_5
../GA ../Data/DataFiles/p07 357 0.8971234039030649 0.6374635048401249 0.6087171722659012 3 1.6609995897072163 93.20473609880389 1.247931489085302 0.8358882391933239 0.49301663371154897 0.5725005780471882 0.13127274937868158 952 476 > logs_RF/salida_p07_6
../GA ../Data/DataFiles/p07 105 0.8971234039030649 0.6374635048401249 0.6087171722659012 3 1.6609995897072163 93.20473609880389 1.247931489085302 0.8358882391933239 0.49301663371154897 0.5725005780471882 0.13127274937868158 952 476 > logs_RF/salida_p07_7
../GA ../Data/DataFiles/p07 634 0.8971234039030649 0.6374635048401249 0.6087171722659012 3 1.6609995897072163 93.20473609880389 1.247931489085302 0.8358882391933239 0.49301663371154897 0.5725005780471882 0.13127274937868158 952 476 > logs_RF/salida_p07_8
../GA ../Data/DataFiles/p07 935 0.8971234039030649 0.6374635048401249 0.6087171722659012 3 1.6609995897072163 93.20473609880389 1.247931489085302 0.8358882391933239 0.49301663371154897 0.5725005780471882 0.13127274937868158 952 476 > logs_RF/salida_p07_9
../GA ../Data/DataFiles/p08 562 0.92832107755525 0.575934736167787 0.48098366675697185 3 1.7788678600119272 84.67735878279247 3.9382957422677762 0.8050046289241205 0.5341006319480895 0.5407680251278207 0.12717581327962685 755 377 > logs_RF/salida_p08_0
../GA ../Data/DataFiles/p08 39 0.92832107755525 0.575934736167787 0.48098366675697185 3 1.7788678600119272 84.67735878279247 3.9382957422677762 0.8050046289241205 0.5341006319480895 0.5407680251278207 0.12717581327962685 755 377 > logs_RF/salida_p08_1
../GA ../Data/DataFiles/p08 958 0.92832107755525 0.575934736167787 0.48098366675697185 3 1.7788678600119272 84.67735878279247 3.9382957422677762 0.8050046289241205 0.5341006319480895 0.5407680251278207 0.12717581327962685 755 377 > logs_RF/salida_p08_2
../GA ../Data/DataFiles/p08 589 0.92832107755525 0.575934736167787 0.48098366675697185 3 1.7788678600119272 84.67735878279247 3.9382957422677762 0.8050046289241205 0.5341006319480895 0.5407680251278207 0.12717581327962685 755 377 > logs_RF/salida_p08_3
../GA ../Data/DataFiles/p08 703 0.92832107755525 0.575934736167787 0.48098366675697185 3 1.7788678600119272 84.67735878279247 3.9382957422677762 0.8050046289241205 0.5341006319480895 0.5407680251278207 0.12717581327962685 755 377 > logs_RF/salida_p08_4
../GA ../Data/DataFiles/p08 372 0.92832107755525 0.575934736167787 0.48098366675697185 3 1.7788678600119272 84.67735878279247 3.9382957422677762 0.8050046289241205 0.5341006319480895 0.5407680251278207 0.12717581327962685 755 377 > logs_RF/salida_p08_5
../GA ../Data/DataFiles/p08 722 0.92832107755525 0.575934736167787 0.48098366675697185 3 1.7788678600119272 84.67735878279247 3.9382957422677762 0.8050046289241205 0.5341006319480895 0.5407680251278207 0.12717581327962685 755 377 > logs_RF/salida_p08_6
../GA ../Data/DataFiles/p08 185 0.92832107755525 0.575934736167787 0.48098366675697185 3 1.7788678600119272 84.67735878279247 3.9382957422677762 0.8050046289241205 0.5341006319480895 0.5407680251278207 0.12717581327962685 755 377 > logs_RF/salida_p08_7
../GA ../Data/DataFiles/p08 251 0.92832107755525 0.575934736167787 0.48098366675697185 3 1.7788678600119272 84.67735878279247 3.9382957422677762 0.8050046289241205 0.5341006319480895 0.5407680251278207 0.12717581327962685 755 377 > logs_RF/salida_p08_8
../GA ../Data/DataFiles/p08 723 0.92832107755525 0.575934736167787 0.48098366675697185 3 1.7788678600119272 84.67735878279247 3.9382957422677762 0.8050046289241205 0.5341006319480895 0.5407680251278207 0.12717581327962685 755 377 > logs_RF/salida_p08_9
../GA ../Data/DataFiles/p09 544 0.9252149024999224 0.5771394895123709 0.4946392245544788 3 1.7738134511439592 86.92534819229734 4.104705584516477 0.8094433320916371 0.5627050428385174 0.5501435914949125 0.1254264129624299 709 354 > logs_RF/salida_p09_0
../GA ../Data/DataFiles/p09 803 0.9252149024999224 0.5771394895123709 0.4946392245544788 3 1.7738134511439592 86.92534819229734 4.104705584516477 0.8094433320916371 0.5627050428385174 0.5501435914949125 0.1254264129624299 709 354 > logs_RF/salida_p09_1
../GA ../Data/DataFiles/p09 671 0.9252149024999224 0.5771394895123709 0.4946392245544788 3 1.7738134511439592 86.92534819229734 4.104705584516477 0.8094433320916371 0.5627050428385174 0.5501435914949125 0.1254264129624299 709 354 > logs_RF/salida_p09_2
../GA ../Data/DataFiles/p09 610 0.9252149024999224 0.5771394895123709 0.4946392245544788 3 1.7738134511439592 86.92534819229734 4.104705584516477 0.8094433320916371 0.5627050428385174 0.5501435914949125 0.1254264129624299 709 354 > logs_RF/salida_p09_3
../GA ../Data/DataFiles/p09 495 0.9252149024999224 0.5771394895123709 0.4946392245544788 3 1.7738134511439592 86.92534819229734 4.104705584516477 0.8094433320916371 0.5627050428385174 0.5501435914949125 0.1254264129624299 709 354 > logs_RF/salida_p09_4
../GA ../Data/DataFiles/p09 119 0.9252149024999224 0.5771394895123709 0.4946392245544788 3 1.7738134511439592 86.92534819229734 4.104705584516477 0.8094433320916371 0.5627050428385174 0.5501435914949125 0.1254264129624299 709 354 > logs_RF/salida_p09_5
../GA ../Data/DataFiles/p09 956 0.9252149024999224 0.5771394895123709 0.4946392245544788 3 1.7738134511439592 86.92534819229734 4.104705584516477 0.8094433320916371 0.5627050428385174 0.5501435914949125 0.1254264129624299 709 354 > logs_RF/salida_p09_6
../GA ../Data/DataFiles/p09 433 0.9252149024999224 0.5771394895123709 0.4946392245544788 3 1.7738134511439592 86.92534819229734 4.104705584516477 0.8094433320916371 0.5627050428385174 0.5501435914949125 0.1254264129624299 709 354 > logs_RF/salida_p09_7
../GA ../Data/DataFiles/p09 326 0.9252149024999224 0.5771394895123709 0.4946392245544788 3 1.7738134511439592 86.92534819229734 4.104705584516477 0.8094433320916371 0.5627050428385174 0.5501435914949125 0.1254264129624299 709 354 > logs_RF/salida_p09_8
../GA ../Data/DataFiles/p09 123 0.9252149024999224 0.5771394895123709 0.4946392245544788 3 1.7738134511439592 86.92534819229734 4.104705584516477 0.8094433320916371 0.5627050428385174 0.5501435914949125 0.1254264129624299 709 354 > logs_RF/salida_p09_9
../GA ../Data/DataFiles/p10 199 0.8958862666034899 0.5868881401545908 0.615718031968032 3 1.742392933494628 95.78435445596462 2.8971361021469932 0.8215277119302543 0.5634122034588136 0.5817230446845352 0.12271893509817237 690 345 > logs_RF/salida_p10_0
../GA ../Data/DataFiles/p10 563 0.8958862666034899 0.5868881401545908 0.615718031968032 3 1.742392933494628 95.78435445596462 2.8971361021469932 0.8215277119302543 0.5634122034588136 0.5817230446845352 0.12271893509817237 690 345 > logs_RF/salida_p10_1
../GA ../Data/DataFiles/p10 380 0.8958862666034899 0.5868881401545908 0.615718031968032 3 1.742392933494628 95.78435445596462 2.8971361021469932 0.8215277119302543 0.5634122034588136 0.5817230446845352 0.12271893509817237 690 345 > logs_RF/salida_p10_2
../GA ../Data/DataFiles/p10 880 0.8958862666034899 0.5868881401545908 0.615718031968032 3 1.742392933494628 95.78435445596462 2.8971361021469932 0.8215277119302543 0.5634122034588136 0.5817230446845352 0.12271893509817237 690 345 > logs_RF/salida_p10_3
../GA ../Data/DataFiles/p10 269 0.8958862666034899 0.5868881401545908 0.615718031968032 3 1.742392933494628 95.78435445596462 2.8971361021469932 0.8215277119302543 0.5634122034588136 0.5817230446845352 0.12271893509817237 690 345 > logs_RF/salida_p10_4
../GA ../Data/DataFiles/p10 238 0.8958862666034899 0.5868881401545908 0.615718031968032 3 1.742392933494628 95.78435445596462 2.8971361021469932 0.8215277119302543 0.5634122034588136 0.5817230446845352 0.12271893509817237 690 345 > logs_RF/salida_p10_5
../GA ../Data/DataFiles/p10 379 0.8958862666034899 0.5868881401545908 0.615718031968032 3 1.742392933494628 95.78435445596462 2.8971361021469932 0.8215277119302543 0.5634122034588136 0.5817230446845352 0.12271893509817237 690 345 > logs_RF/salida_p10_6
../GA ../Data/DataFiles/p10 291 0.8958862666034899 0.5868881401545908 0.615718031968032 3 1.742392933494628 95.78435445596462 2.8971361021469932 0.8215277119302543 0.5634122034588136 0.5817230446845352 0.12271893509817237 690 345 > logs_RF/salida_p10_7
../GA ../Data/DataFiles/p10 705 0.8958862666034899 0.5868881401545908 0.615718031968032 3 1.742392933494628 95.78435445596462 2.8971361021469932 0.8215277119302543 0.5634122034588136 0.5817230446845352 0.12271893509817237 690 345 > logs_RF/salida_p10_8
../GA ../Data/DataFiles/p10 567 0.8958862666034899 0.5868881401545908 0.615718031968032 3 1.742392933494628 95.78435445596462 2.8971361021469932 0.8215277119302543 0.5634122034588136 0.5817230446845352 0.12271893509817237 690 345 > logs_RF/salida_p10_9
../GA ../Data/DataFiles/p11 501 0.8958862666034899 0.5868881401545908 0.6157023383082706 3 1.7367302816455357 95.78435445596462 2.897320188775995 0.8214570904613276 0.5639268658209337 0.5808397627122702 0.12267310961166893 681 341 > logs_RF/salida_p11_0
../GA ../Data/DataFiles/p11 344 0.8958862666034899 0.5868881401545908 0.6157023383082706 3 1.7367302816455357 95.78435445596462 2.897320188775995 0.8214570904613276 0.5639268658209337 0.5808397627122702 0.12267310961166893 681 341 > logs_RF/salida_p11_1
../GA ../Data/DataFiles/p11 900 0.8958862666034899 0.5868881401545908 0.6157023383082706 3 1.7367302816455357 95.78435445596462 2.897320188775995 0.8214570904613276 0.5639268658209337 0.5808397627122702 0.12267310961166893 681 341 > logs_RF/salida_p11_2
../GA ../Data/DataFiles/p11 998 0.8958862666034899 0.5868881401545908 0.6157023383082706 3 1.7367302816455357 95.78435445596462 2.897320188775995 0.8214570904613276 0.5639268658209337 0.5808397627122702 0.12267310961166893 681 341 > logs_RF/salida_p11_3
../GA ../Data/DataFiles/p11 20 0.8958862666034899 0.5868881401545908 0.6157023383082706 3 1.7367302816455357 95.78435445596462 2.897320188775995 0.8214570904613276 0.5639268658209337 0.5808397627122702 0.12267310961166893 681 341 > logs_RF/salida_p11_4
../GA ../Data/DataFiles/p11 745 0.8958862666034899 0.5868881401545908 0.6157023383082706 3 1.7367302816455357 95.78435445596462 2.897320188775995 0.8214570904613276 0.5639268658209337 0.5808397627122702 0.12267310961166893 681 341 > logs_RF/salida_p11_5
../GA ../Data/DataFiles/p11 224 0.8958862666034899 0.5868881401545908 0.6157023383082706 3 1.7367302816455357 95.78435445596462 2.897320188775995 0.8214570904613276 0.5639268658209337 0.5808397627122702 0.12267310961166893 681 341 > logs_RF/salida_p11_6
../GA ../Data/DataFiles/p11 704 0.8958862666034899 0.5868881401545908 0.6157023383082706 3 1.7367302816455357 95.78435445596462 2.897320188775995 0.8214570904613276 0.5639268658209337 0.5808397627122702 0.12267310961166893 681 341 > logs_RF/salida_p11_7
../GA ../Data/DataFiles/p11 106 0.8958862666034899 0.5868881401545908 0.6157023383082706 3 1.7367302816455357 95.78435445596462 2.897320188775995 0.8214570904613276 0.5639268658209337 0.5808397627122702 0.12267310961166893 681 341 > logs_RF/salida_p11_8
../GA ../Data/DataFiles/p11 677 0.8958862666034899 0.5868881401545908 0.6157023383082706 3 1.7367302816455357 95.78435445596462 2.897320188775995 0.8214570904613276 0.5639268658209337 0.5808397627122702 0.12267310961166893 681 341 > logs_RF/salida_p11_9
../GA ../Data/DataFiles/p12 736 0.8880250246457874 0.4468304713961493 0.4273424888043533 2 2.0160209297921163 85.63154336247555 3.3386919247027294 0.7814935347138736 0.4958778328545278 0.5406367776918625 0.10131374236247119 1375 687 > logs_RF/salida_p12_0
../GA ../Data/DataFiles/p12 808 0.8880250246457874 0.4468304713961493 0.4273424888043533 2 2.0160209297921163 85.63154336247555 3.3386919247027294 0.7814935347138736 0.4958778328545278 0.5406367776918625 0.10131374236247119 1375 687 > logs_RF/salida_p12_1
../GA ../Data/DataFiles/p12 3 0.8880250246457874 0.4468304713961493 0.4273424888043533 2 2.0160209297921163 85.63154336247555 3.3386919247027294 0.7814935347138736 0.4958778328545278 0.5406367776918625 0.10131374236247119 1375 687 > logs_RF/salida_p12_2
../GA ../Data/DataFiles/p12 52 0.8880250246457874 0.4468304713961493 0.4273424888043533 2 2.0160209297921163 85.63154336247555 3.3386919247027294 0.7814935347138736 0.4958778328545278 0.5406367776918625 0.10131374236247119 1375 687 > logs_RF/salida_p12_3
../GA ../Data/DataFiles/p12 881 0.8880250246457874 0.4468304713961493 0.4273424888043533 2 2.0160209297921163 85.63154336247555 3.3386919247027294 0.7814935347138736 0.4958778328545278 0.5406367776918625 0.10131374236247119 1375 687 > logs_RF/salida_p12_4
../GA ../Data/DataFiles/p12 976 0.8880250246457874 0.4468304713961493 0.4273424888043533 2 2.0160209297921163 85.63154336247555 3.3386919247027294 0.7814935347138736 0.4958778328545278 0.5406367776918625 0.10131374236247119 1375 687 > logs_RF/salida_p12_5
../GA ../Data/DataFiles/p12 341 0.8880250246457874 0.4468304713961493 0.4273424888043533 2 2.0160209297921163 85.63154336247555 3.3386919247027294 0.7814935347138736 0.4958778328545278 0.5406367776918625 0.10131374236247119 1375 687 > logs_RF/salida_p12_6
../GA ../Data/DataFiles/p12 142 0.8880250246457874 0.4468304713961493 0.4273424888043533 2 2.0160209297921163 85.63154336247555 3.3386919247027294 0.7814935347138736 0.4958778328545278 0.5406367776918625 0.10131374236247119 1375 687 > logs_RF/salida_p12_7
../GA ../Data/DataFiles/p12 993 0.8880250246457874 0.4468304713961493 0.4273424888043533 2 2.0160209297921163 85.63154336247555 3.3386919247027294 0.7814935347138736 0.4958778328545278 0.5406367776918625 0.10131374236247119 1375 687 > logs_RF/salida_p12_8
../GA ../Data/DataFiles/p12 500 0.8880250246457874 0.4468304713961493 0.4273424888043533 2 2.0160209297921163 85.63154336247555 3.3386919247027294 0.7814935347138736 0.4958778328545278 0.5406367776918625 0.10131374236247119 1375 687 > logs_RF/salida_p12_9
../GA ../Data/DataFiles/p13 95 0.8880250246457874 0.4468304713961493 0.4273424888043533 2 2.0160209297921163 85.63154336247555 3.3386919247027294 0.7814935347138736 0.4958778328545278 0.5406367776918625 0.10131374236247119 1375 687 > logs_RF/salida_p13_0
../GA ../Data/DataFiles/p13 66 0.8880250246457874 0.4468304713961493 0.4273424888043533 2 2.0160209297921163 85.63154336247555 3.3386919247027294 0.7814935347138736 0.4958778328545278 0.5406367776918625 0.10131374236247119 1375 687 > logs_RF/salida_p13_1
../GA ../Data/DataFiles/p13 590 0.8880250246457874 0.4468304713961493 0.4273424888043533 2 2.0160209297921163 85.63154336247555 3.3386919247027294 0.7814935347138736 0.4958778328545278 0.5406367776918625 0.10131374236247119 1375 687 > logs_RF/salida_p13_2
../GA ../Data/DataFiles/p13 833 0.8880250246457874 0.4468304713961493 0.4273424888043533 2 2.0160209297921163 85.63154336247555 3.3386919247027294 0.7814935347138736 0.4958778328545278 0.5406367776918625 0.10131374236247119 1375 687 > logs_RF/salida_p13_3
../GA ../Data/DataFiles/p13 651 0.8880250246457874 0.4468304713961493 0.4273424888043533 2 2.0160209297921163 85.63154336247555 3.3386919247027294 0.7814935347138736 0.4958778328545278 0.5406367776918625 0.10131374236247119 1375 687 > logs_RF/salida_p13_4
../GA ../Data/DataFiles/p13 837 0.8880250246457874 0.4468304713961493 0.4273424888043533 2 2.0160209297921163 85.63154336247555 3.3386919247027294 0.7814935347138736 0.4958778328545278 0.5406367776918625 0.10131374236247119 1375 687 > logs_RF/salida_p13_5
../GA ../Data/DataFiles/p13 3 0.8880250246457874 0.4468304713961493 0.4273424888043533 2 2.0160209297921163 85.63154336247555 3.3386919247027294 0.7814935347138736 0.4958778328545278 0.5406367776918625 0.10131374236247119 1375 687 > logs_RF/salida_p13_6
../GA ../Data/DataFiles/p13 675 0.8880250246457874 0.4468304713961493 0.4273424888043533 2 2.0160209297921163 85.63154336247555 3.3386919247027294 0.7814935347138736 0.4958778328545278 0.5406367776918625 0.10131374236247119 1375 687 > logs_RF/salida_p13_7
../GA ../Data/DataFiles/p13 140 0.8880250246457874 0.4468304713961493 0.4273424888043533 2 2.0160209297921163 85.63154336247555 3.3386919247027294 0.7814935347138736 0.4958778328545278 0.5406367776918625 0.10131374236247119 1375 687 > logs_RF/salida_p13_8
../GA ../Data/DataFiles/p13 363 0.8880250246457874 0.4468304713961493 0.4273424888043533 2 2.0160209297921163 85.63154336247555 3.3386919247027294 0.7814935347138736 0.4958778328545278 0.5406367776918625 0.10131374236247119 1375 687 > logs_RF/salida_p13_9
../GA ../Data/DataFiles/p14 585 0.8880250246457874 0.4468304713961493 0.4273424888043533 2 2.0160209297921163 85.63154336247555 3.3386919247027294 0.7814935347138736 0.4958778328545278 0.5406367776918625 0.10131374236247119 1375 687 > logs_RF/salida_p14_0
../GA ../Data/DataFiles/p14 996 0.8880250246457874 0.4468304713961493 0.4273424888043533 2 2.0160209297921163 85.63154336247555 3.3386919247027294 0.7814935347138736 0.4958778328545278 0.5406367776918625 0.10131374236247119 1375 687 > logs_RF/salida_p14_1
../GA ../Data/DataFiles/p14 285 0.8880250246457874 0.4468304713961493 0.4273424888043533 2 2.0160209297921163 85.63154336247555 3.3386919247027294 0.7814935347138736 0.4958778328545278 0.5406367776918625 0.10131374236247119 1375 687 > logs_RF/salida_p14_2
../GA ../Data/DataFiles/p14 604 0.8880250246457874 0.4468304713961493 0.4273424888043533 2 2.0160209297921163 85.63154336247555 3.3386919247027294 0.7814935347138736 0.4958778328545278 0.5406367776918625 0.10131374236247119 1375 687 > logs_RF/salida_p14_3
../GA ../Data/DataFiles/p14 925 0.8880250246457874 0.4468304713961493 0.4273424888043533 2 2.0160209297921163 85.63154336247555 3.3386919247027294 0.7814935347138736 0.4958778328545278 0.5406367776918625 0.10131374236247119 1375 687 > logs_RF/salida_p14_4
../GA ../Data/DataFiles/p14 327 0.8880250246457874 0.4468304713961493 0.4273424888043533 2 2.0160209297921163 85.63154336247555 3.3386919247027294 0.7814935347138736 0.4958778328545278 0.5406367776918625 0.10131374236247119 1375 687 > logs_RF/salida_p14_5
../GA ../Data/DataFiles/p14 549 0.8880250246457874 0.4468304713961493 0.4273424888043533 2 2.0160209297921163 85.63154336247555 3.3386919247027294 0.7814935347138736 0.4958778328545278 0.5406367776918625 0.10131374236247119 1375 687 > logs_RF/salida_p14_6
../GA ../Data/DataFiles/p14 230 0.8880250246457874 0.4468304713961493 0.4273424888043533 2 2.0160209297921163 85.63154336247555 3.3386919247027294 0.7814935347138736 0.4958778328545278 0.5406367776918625 0.10131374236247119 1375 687 > logs_RF/salida_p14_7
../GA ../Data/DataFiles/p14 363 0.8880250246457874 0.4468304713961493 0.4273424888043533 2 2.0160209297921163 85.63154336247555 3.3386919247027294 0.7814935347138736 0.4958778328545278 0.5406367776918625 0.10131374236247119 1375 687 > logs_RF/salida_p14_8
../GA ../Data/DataFiles/p14 379 0.8880250246457874 0.4468304713961493 0.4273424888043533 2 2.0160209297921163 85.63154336247555 3.3386919247027294 0.7814935347138736 0.4958778328545278 0.5406367776918625 0.10131374236247119 1375 687 > logs_RF/salida_p14_9
../GA ../Data/DataFiles/p15 837 0.8673995997955369 0.48381579839144645 0.5801261368104589 3 1.7202811040921706 100.00656104631679 2.277515600218069 0.8128301031341909 0.5148285065069711 0.5569890703762838 0.10046660762338729 380 264 > logs_RF/salida_p15_0
../GA ../Data/DataFiles/p15 538 0.8673995997955369 0.48381579839144645 0.5801261368104589 3 1.7202811040921706 100.00656104631679 2.277515600218069 0.8128301031341909 0.5148285065069711 0.5569890703762838 0.10046660762338729 380 264 > logs_RF/salida_p15_1
../GA ../Data/DataFiles/p15 378 0.8673995997955369 0.48381579839144645 0.5801261368104589 3 1.7202811040921706 100.00656104631679 2.277515600218069 0.8128301031341909 0.5148285065069711 0.5569890703762838 0.10046660762338729 380 264 > logs_RF/salida_p15_2
../GA ../Data/DataFiles/p15 202 0.8673995997955369 0.48381579839144645 0.5801261368104589 3 1.7202811040921706 100.00656104631679 2.277515600218069 0.8128301031341909 0.5148285065069711 0.5569890703762838 0.10046660762338729 380 264 > logs_RF/salida_p15_3
../GA ../Data/DataFiles/p15 515 0.8673995997955369 0.48381579839144645 0.5801261368104589 3 1.7202811040921706 100.00656104631679 2.277515600218069 0.8128301031341909 0.5148285065069711 0.5569890703762838 0.10046660762338729 380 264 > logs_RF/salida_p15_4
../GA ../Data/DataFiles/p15 834 0.8673995997955369 0.48381579839144645 0.5801261368104589 3 1.7202811040921706 100.00656104631679 2.277515600218069 0.8128301031341909 0.5148285065069711 0.5569890703762838 0.10046660762338729 380 264 > logs_RF/salida_p15_5
../GA ../Data/DataFiles/p15 574 0.8673995997955369 0.48381579839144645 0.5801261368104589 3 1.7202811040921706 100.00656104631679 2.277515600218069 0.8128301031341909 0.5148285065069711 0.5569890703762838 0.10046660762338729 380 264 > logs_RF/salida_p15_6
../GA ../Data/DataFiles/p15 984 0.8673995997955369 0.48381579839144645 0.5801261368104589 3 1.7202811040921706 100.00656104631679 2.277515600218069 0.8128301031341909 0.5148285065069711 0.5569890703762838 0.10046660762338729 380 264 > logs_RF/salida_p15_7
../GA ../Data/DataFiles/p15 112 0.8673995997955369 0.48381579839144645 0.5801261368104589 3 1.7202811040921706 100.00656104631679 2.277515600218069 0.8128301031341909 0.5148285065069711 0.5569890703762838 0.10046660762338729 380 264 > logs_RF/salida_p15_8
../GA ../Data/DataFiles/p15 71 0.8673995997955369 0.48381579839144645 0.5801261368104589 3 1.7202811040921706 100.00656104631679 2.277515600218069 0.8128301031341909 0.5148285065069711 0.5569890703762838 0.10046660762338729 380 264 > logs_RF/salida_p15_9
../GA ../Data/DataFiles/p16 301 0.8673995997955369 0.48381579839144645 0.5801261368104589 3 1.7202811040921706 100.00656104631679 2.277515600218069 0.8128301031341909 0.5148285065069711 0.5569890703762838 0.10046660762338729 380 264 > logs_RF/salida_p16_0
../GA ../Data/DataFiles/p16 341 0.8673995997955369 0.48381579839144645 0.5801261368104589 3 1.7202811040921706 100.00656104631679 2.277515600218069 0.8128301031341909 0.5148285065069711 0.5569890703762838 0.10046660762338729 380 264 > logs_RF/salida_p16_1
../GA ../Data/DataFiles/p16 854 0.8673995997955369 0.48381579839144645 0.5801261368104589 3 1.7202811040921706 100.00656104631679 2.277515600218069 0.8128301031341909 0.5148285065069711 0.5569890703762838 0.10046660762338729 380 264 > logs_RF/salida_p16_2
../GA ../Data/DataFiles/p16 157 0.8673995997955369 0.48381579839144645 0.5801261368104589 3 1.7202811040921706 100.00656104631679 2.277515600218069 0.8128301031341909 0.5148285065069711 0.5569890703762838 0.10046660762338729 380 264 > logs_RF/salida_p16_3
../GA ../Data/DataFiles/p16 252 0.8673995997955369 0.48381579839144645 0.5801261368104589 3 1.7202811040921706 100.00656104631679 2.277515600218069 0.8128301031341909 0.5148285065069711 0.5569890703762838 0.10046660762338729 380 264 > logs_RF/salida_p16_4
../GA ../Data/DataFiles/p16 169 0.8673995997955369 0.48381579839144645 0.5801261368104589 3 1.7202811040921706 100.00656104631679 2.277515600218069 0.8128301031341909 0.5148285065069711 0.5569890703762838 0.10046660762338729 380 264 > logs_RF/salida_p16_5
../GA ../Data/DataFiles/p16 354 0.8673995997955369 0.48381579839144645 0.5801261368104589 3 1.7202811040921706 100.00656104631679 2.277515600218069 0.8128301031341909 0.5148285065069711 0.5569890703762838 0.10046660762338729 380 264 > logs_RF/salida_p16_6
../GA ../Data/DataFiles/p16 470 0.8673995997955369 0.48381579839144645 0.5801261368104589 3 1.7202811040921706 100.00656104631679 2.277515600218069 0.8128301031341909 0.5148285065069711 0.5569890703762838 0.10046660762338729 380 264 > logs_RF/salida_p16_7
../GA ../Data/DataFiles/p16 935 0.8673995997955369 0.48381579839144645 0.5801261368104589 3 1.7202811040921706 100.00656104631679 2.277515600218069 0.8128301031341909 0.5148285065069711 0.5569890703762838 0.10046660762338729 380 264 > logs_RF/salida_p16_8
../GA ../Data/DataFiles/p16 186 0.8673995997955369 0.48381579839144645 0.5801261368104589 3 1.7202811040921706 100.00656104631679 2.277515600218069 0.8128301031341909 0.5148285065069711 0.5569890703762838 0.10046660762338729 380 264 > logs_RF/salida_p16_9
../GA ../Data/DataFiles/p17 501 0.8673995997955369 0.48381579839144645 0.5801261368104589 3 1.7202811040921706 100.00656104631679 2.277515600218069 0.8128301031341909 0.5148285065069711 0.5569890703762838 0.10046660762338729 380 264 > logs_RF/salida_p17_0
../GA ../Data/DataFiles/p17 518 0.8673995997955369 0.48381579839144645 0.5801261368104589 3 1.7202811040921706 100.00656104631679 2.277515600218069 0.8128301031341909 0.5148285065069711 0.5569890703762838 0.10046660762338729 380 264 > logs_RF/salida_p17_1
../GA ../Data/DataFiles/p17 112 0.8673995997955369 0.48381579839144645 0.5801261368104589 3 1.7202811040921706 100.00656104631679 2.277515600218069 0.8128301031341909 0.5148285065069711 0.5569890703762838 0.10046660762338729 380 264 > logs_RF/salida_p17_2
../GA ../Data/DataFiles/p17 555 0.8673995997955369 0.48381579839144645 0.5801261368104589 3 1.7202811040921706 100.00656104631679 2.277515600218069 0.8128301031341909 0.5148285065069711 0.5569890703762838 0.10046660762338729 380 264 > logs_RF/salida_p17_3
../GA ../Data/DataFiles/p17 594 0.8673995997955369 0.48381579839144645 0.5801261368104589 3 1.7202811040921706 100.00656104631679 2.277515600218069 0.8128301031341909 0.5148285065069711 0.5569890703762838 0.10046660762338729 380 264 > logs_RF/salida_p17_4
../GA ../Data/DataFiles/p17 322 0.8673995997955369 0.48381579839144645 0.5801261368104589 3 1.7202811040921706 100.00656104631679 2.277515600218069 0.8128301031341909 0.5148285065069711 0.5569890703762838 0.10046660762338729 380 264 > logs_RF/salida_p17_5
../GA ../Data/DataFiles/p17 933 0.8673995997955369 0.48381579839144645 0.5801261368104589 3 1.7202811040921706 100.00656104631679 2.277515600218069 0.8128301031341909 0.5148285065069711 0.5569890703762838 0.10046660762338729 380 264 > logs_RF/salida_p17_6
../GA ../Data/DataFiles/p17 356 0.8673995997955369 0.48381579839144645 0.5801261368104589 3 1.7202811040921706 100.00656104631679 2.277515600218069 0.8128301031341909 0.5148285065069711 0.5569890703762838 0.10046660762338729 380 264 > logs_RF/salida_p17_7
../GA ../Data/DataFiles/p17 293 0.8673995997955369 0.48381579839144645 0.5801261368104589 3 1.7202811040921706 100.00656104631679 2.277515600218069 0.8128301031341909 0.5148285065069711 0.5569890703762838 0.10046660762338729 380 264 > logs_RF/salida_p17_8
../GA ../Data/DataFiles/p17 500 0.8673995997955369 0.48381579839144645 0.5801261368104589 3 1.7202811040921706 100.00656104631679 2.277515600218069 0.8128301031341909 0.5148285065069711 0.5569890703762838 0.10046660762338729 380 264 > logs_RF/salida_p17_9
../GA ../Data/DataFiles/p18 155 0.842501507461004 0.4691926461199891 0.6099166291732344 2 1.5226044947630188 121.07832112867008 2.101930712636022 0.8208477614110714 0.4904446968138394 0.5469621922011004 0.10068561290358401 662 152 > logs_RF/salida_p18_0
../GA ../Data/DataFiles/p18 472 0.842501507461004 0.4691926461199891 0.6099166291732344 2 1.5226044947630188 121.07832112867008 2.101930712636022 0.8208477614110714 0.4904446968138394 0.5469621922011004 0.10068561290358401 662 152 > logs_RF/salida_p18_1
../GA ../Data/DataFiles/p18 230 0.842501507461004 0.4691926461199891 0.6099166291732344 2 1.5226044947630188 121.07832112867008 2.101930712636022 0.8208477614110714 0.4904446968138394 0.5469621922011004 0.10068561290358401 662 152 > logs_RF/salida_p18_2
../GA ../Data/DataFiles/p18 245 0.842501507461004 0.4691926461199891 0.6099166291732344 2 1.5226044947630188 121.07832112867008 2.101930712636022 0.8208477614110714 0.4904446968138394 0.5469621922011004 0.10068561290358401 662 152 > logs_RF/salida_p18_3
../GA ../Data/DataFiles/p18 112 0.842501507461004 0.4691926461199891 0.6099166291732344 2 1.5226044947630188 121.07832112867008 2.101930712636022 0.8208477614110714 0.4904446968138394 0.5469621922011004 0.10068561290358401 662 152 > logs_RF/salida_p18_4
../GA ../Data/DataFiles/p18 199 0.842501507461004 0.4691926461199891 0.6099166291732344 2 1.5226044947630188 121.07832112867008 2.101930712636022 0.8208477614110714 0.4904446968138394 0.5469621922011004 0.10068561290358401 662 152 > logs_RF/salida_p18_5
../GA ../Data/DataFiles/p18 990 0.842501507461004 0.4691926461199891 0.6099166291732344 2 1.5226044947630188 121.07832112867008 2.101930712636022 0.8208477614110714 0.4904446968138394 0.5469621922011004 0.10068561290358401 662 152 > logs_RF/salida_p18_6
../GA ../Data/DataFiles/p18 257 0.842501507461004 0.4691926461199891 0.6099166291732344 2 1.5226044947630188 121.07832112867008 2.101930712636022 0.8208477614110714 0.4904446968138394 0.5469621922011004 0.10068561290358401 662 152 > logs_RF/salida_p18_7
../GA ../Data/DataFiles/p18 131 0.842501507461004 0.4691926461199891 0.6099166291732344 2 1.5226044947630188 121.07832112867008 2.101930712636022 0.8208477614110714 0.4904446968138394 0.5469621922011004 0.10068561290358401 662 152 > logs_RF/salida_p18_8
../GA ../Data/DataFiles/p18 208 0.842501507461004 0.4691926461199891 0.6099166291732344 2 1.5226044947630188 121.07832112867008 2.101930712636022 0.8208477614110714 0.4904446968138394 0.5469621922011004 0.10068561290358401 662 152 > logs_RF/salida_p18_9
../GA ../Data/DataFiles/p19 711 0.842501507461004 0.4691926461199891 0.6099166291732344 2 1.5226044947630188 121.07832112867008 2.101930712636022 0.8208477614110714 0.4904446968138394 0.5469621922011004 0.10068561290358401 662 152 > logs_RF/salida_p19_0
../GA ../Data/DataFiles/p19 723 0.842501507461004 0.4691926461199891 0.6099166291732344 2 1.5226044947630188 121.07832112867008 2.101930712636022 0.8208477614110714 0.4904446968138394 0.5469621922011004 0.10068561290358401 662 152 > logs_RF/salida_p19_1
../GA ../Data/DataFiles/p19 349 0.842501507461004 0.4691926461199891 0.6099166291732344 2 1.5226044947630188 121.07832112867008 2.101930712636022 0.8208477614110714 0.4904446968138394 0.5469621922011004 0.10068561290358401 662 152 > logs_RF/salida_p19_2
../GA ../Data/DataFiles/p19 0 0.842501507461004 0.4691926461199891 0.6099166291732344 2 1.5226044947630188 121.07832112867008 2.101930712636022 0.8208477614110714 0.4904446968138394 0.5469621922011004 0.10068561290358401 662 152 > logs_RF/salida_p19_3
../GA ../Data/DataFiles/p19 615 0.842501507461004 0.4691926461199891 0.6099166291732344 2 1.5226044947630188 121.07832112867008 2.101930712636022 0.8208477614110714 0.4904446968138394 0.5469621922011004 0.10068561290358401 662 152 > logs_RF/salida_p19_4
../GA ../Data/DataFiles/p19 622 0.842501507461004 0.4691926461199891 0.6099166291732344 2 1.5226044947630188 121.07832112867008 2.101930712636022 0.8208477614110714 0.4904446968138394 0.5469621922011004 0.10068561290358401 662 152 > logs_RF/salida_p19_5
../GA ../Data/DataFiles/p19 20 0.842501507461004 0.4691926461199891 0.6099166291732344 2 1.5226044947630188 121.07832112867008 2.101930712636022 0.8208477614110714 0.4904446968138394 0.5469621922011004 0.10068561290358401 662 152 > logs_RF/salida_p19_6
../GA ../Data/DataFiles/p19 318 0.842501507461004 0.4691926461199891 0.6099166291732344 2 1.5226044947630188 121.07832112867008 2.101930712636022 0.8208477614110714 0.4904446968138394 0.5469621922011004 0.10068561290358401 662 152 > logs_RF/salida_p19_7
../GA ../Data/DataFiles/p19 738 0.842501507461004 0.4691926461199891 0.6099166291732344 2 1.5226044947630188 121.07832112867008 2.101930712636022 0.8208477614110714 0.4904446968138394 0.5469621922011004 0.10068561290358401 662 152 > logs_RF/salida_p19_8
../GA ../Data/DataFiles/p19 451 0.842501507461004 0.4691926461199891 0.6099166291732344 2 1.5226044947630188 121.07832112867008 2.101930712636022 0.8208477614110714 0.4904446968138394 0.5469621922011004 0.10068561290358401 662 152 > logs_RF/salida_p19_9
../GA ../Data/DataFiles/p20 470 0.842501507461004 0.4691926461199891 0.6099166291732344 2 1.5226044947630188 121.07832112867008 2.101930712636022 0.8208477614110714 0.4904446968138394 0.5469621922011004 0.10068561290358401 662 152 > logs_RF/salida_p20_0
../GA ../Data/DataFiles/p20 857 0.842501507461004 0.4691926461199891 0.6099166291732344 2 1.5226044947630188 121.07832112867008 2.101930712636022 0.8208477614110714 0.4904446968138394 0.5469621922011004 0.10068561290358401 662 152 > logs_RF/salida_p20_1
../GA ../Data/DataFiles/p20 680 0.842501507461004 0.4691926461199891 0.6099166291732344 2 1.5226044947630188 121.07832112867008 2.101930712636022 0.8208477614110714 0.4904446968138394 0.5469621922011004 0.10068561290358401 662 152 > logs_RF/salida_p20_2
../GA ../Data/DataFiles/p20 910 0.842501507461004 0.4691926461199891 0.6099166291732344 2 1.5226044947630188 121.07832112867008 2.101930712636022 0.8208477614110714 0.4904446968138394 0.5469621922011004 0.10068561290358401 662 152 > logs_RF/salida_p20_3
../GA ../Data/DataFiles/p20 943 0.842501507461004 0.4691926461199891 0.6099166291732344 2 1.5226044947630188 121.07832112867008 2.101930712636022 0.8208477614110714 0.4904446968138394 0.5469621922011004 0.10068561290358401 662 152 > logs_RF/salida_p20_4
../GA ../Data/DataFiles/p20 286 0.842501507461004 0.4691926461199891 0.6099166291732344 2 1.5226044947630188 121.07832112867008 2.101930712636022 0.8208477614110714 0.4904446968138394 0.5469621922011004 0.10068561290358401 662 152 > logs_RF/salida_p20_5
../GA ../Data/DataFiles/p20 886 0.842501507461004 0.4691926461199891 0.6099166291732344 2 1.5226044947630188 121.07832112867008 2.101930712636022 0.8208477614110714 0.4904446968138394 0.5469621922011004 0.10068561290358401 662 152 > logs_RF/salida_p20_6
../GA ../Data/DataFiles/p20 374 0.842501507461004 0.4691926461199891 0.6099166291732344 2 1.5226044947630188 121.07832112867008 2.101930712636022 0.8208477614110714 0.4904446968138394 0.5469621922011004 0.10068561290358401 662 152 > logs_RF/salida_p20_7
../GA ../Data/DataFiles/p20 106 0.842501507461004 0.4691926461199891 0.6099166291732344 2 1.5226044947630188 121.07832112867008 2.101930712636022 0.8208477614110714 0.4904446968138394 0.5469621922011004 0.10068561290358401 662 152 > logs_RF/salida_p20_8
../GA ../Data/DataFiles/p20 73 0.842501507461004 0.4691926461199891 0.6099166291732344 2 1.5226044947630188 121.07832112867008 2.101930712636022 0.8208477614110714 0.4904446968138394 0.5469621922011004 0.10068561290358401 662 152 > logs_RF/salida_p20_9
../GA ../Data/DataFiles/p21 906 0.8576939656388809 0.5331491484033857 0.6289963253946305 4 1.8972468052976525 99.21873912340014 3.6998715939584583 0.8011868483054924 0.6667106735072836 0.5864955208006055 0.0912593585193286 714 141 > logs_RF/salida_p21_0
../GA ../Data/DataFiles/p21 508 0.8576939656388809 0.5331491484033857 0.6289963253946305 4 1.8972468052976525 99.21873912340014 3.6998715939584583 0.8011868483054924 0.6667106735072836 0.5864955208006055 0.0912593585193286 714 141 > logs_RF/salida_p21_1
../GA ../Data/DataFiles/p21 692 0.8576939656388809 0.5331491484033857 0.6289963253946305 4 1.8972468052976525 99.21873912340014 3.6998715939584583 0.8011868483054924 0.6667106735072836 0.5864955208006055 0.0912593585193286 714 141 > logs_RF/salida_p21_2
../GA ../Data/DataFiles/p21 957 0.8576939656388809 0.5331491484033857 0.6289963253946305 4 1.8972468052976525 99.21873912340014 3.6998715939584583 0.8011868483054924 0.6667106735072836 0.5864955208006055 0.0912593585193286 714 141 > logs_RF/salida_p21_3
../GA ../Data/DataFiles/p21 277 0.8576939656388809 0.5331491484033857 0.6289963253946305 4 1.8972468052976525 99.21873912340014 3.6998715939584583 0.8011868483054924 0.6667106735072836 0.5864955208006055 0.0912593585193286 714 141 > logs_RF/salida_p21_4
../GA ../Data/DataFiles/p21 831 0.8576939656388809 0.5331491484033857 0.6289963253946305 4 1.8972468052976525 99.21873912340014 3.6998715939584583 0.8011868483054924 0.6667106735072836 0.5864955208006055 0.0912593585193286 714 141 > logs_RF/salida_p21_5
../GA ../Data/DataFiles/p21 968 0.8576939656388809 0.5331491484033857 0.6289963253946305 4 1.8972468052976525 99.21873912340014 3.6998715939584583 0.8011868483054924 0.6667106735072836 0.5864955208006055 0.0912593585193286 714 141 > logs_RF/salida_p21_6
../GA ../Data/DataFiles/p21 549 0.8576939656388809 0.5331491484033857 0.6289963253946305 4 1.8972468052976525 99.21873912340014 3.6998715939584583 0.8011868483054924 0.6667106735072836 0.5864955208006055 0.0912593585193286 714 141 > logs_RF/salida_p21_7
../GA ../Data/DataFiles/p21 590 0.8576939656388809 0.5331491484033857 0.6289963253946305 4 1.8972468052976525 99.21873912340014 3.6998715939584583 0.8011868483054924 0.6667106735072836 0.5864955208006055 0.0912593585193286 714 141 > logs_RF/salida_p21_8
../GA ../Data/DataFiles/p21 346 0.8576939656388809 0.5331491484033857 0.6289963253946305 4 1.8972468052976525 99.21873912340014 3.6998715939584583 0.8011868483054924 0.6667106735072836 0.5864955208006055 0.0912593585193286 714 141 > logs_RF/salida_p21_9
../GA ../Data/DataFiles/p22 704 0.8576939656388809 0.5331491484033857 0.6289963253946305 4 1.8972468052976525 99.21873912340014 3.6998715939584583 0.8011868483054924 0.6667106735072836 0.5864955208006055 0.0912593585193286 714 141 > logs_RF/salida_p22_0
../GA ../Data/DataFiles/p22 439 0.8576939656388809 0.5331491484033857 0.6289963253946305 4 1.8972468052976525 99.21873912340014 3.6998715939584583 0.8011868483054924 0.6667106735072836 0.5864955208006055 0.0912593585193286 714 141 > logs_RF/salida_p22_1
../GA ../Data/DataFiles/p22 699 0.8576939656388809 0.5331491484033857 0.6289963253946305 4 1.8972468052976525 99.21873912340014 3.6998715939584583 0.8011868483054924 0.6667106735072836 0.5864955208006055 0.0912593585193286 714 141 > logs_RF/salida_p22_2
../GA ../Data/DataFiles/p22 727 0.8576939656388809 0.5331491484033857 0.6289963253946305 4 1.8972468052976525 99.21873912340014 3.6998715939584583 0.8011868483054924 0.6667106735072836 0.5864955208006055 0.0912593585193286 714 141 > logs_RF/salida_p22_3
../GA ../Data/DataFiles/p22 837 0.8576939656388809 0.5331491484033857 0.6289963253946305 4 1.8972468052976525 99.21873912340014 3.6998715939584583 0.8011868483054924 0.6667106735072836 0.5864955208006055 0.0912593585193286 714 141 > logs_RF/salida_p22_4
../GA ../Data/DataFiles/p22 198 0.8576939656388809 0.5331491484033857 0.6289963253946305 4 1.8972468052976525 99.21873912340014 3.6998715939584583 0.8011868483054924 0.6667106735072836 0.5864955208006055 0.0912593585193286 714 141 > logs_RF/salida_p22_5
../GA ../Data/DataFiles/p22 185 0.8576939656388809 0.5331491484033857 0.6289963253946305 4 1.8972468052976525 99.21873912340014 3.6998715939584583 0.8011868483054924 0.6667106735072836 0.5864955208006055 0.0912593585193286 714 141 > logs_RF/salida_p22_6
../GA ../Data/DataFiles/p22 454 0.8576939656388809 0.5331491484033857 0.6289963253946305 4 1.8972468052976525 99.21873912340014 3.6998715939584583 0.8011868483054924 0.6667106735072836 0.5864955208006055 0.0912593585193286 714 141 > logs_RF/salida_p22_7
../GA ../Data/DataFiles/p22 165 0.8576939656388809 0.5331491484033857 0.6289963253946305 4 1.8972468052976525 99.21873912340014 3.6998715939584583 0.8011868483054924 0.6667106735072836 0.5864955208006055 0.0912593585193286 714 141 > logs_RF/salida_p22_8
../GA ../Data/DataFiles/p22 415 0.8576939656388809 0.5331491484033857 0.6289963253946305 4 1.8972468052976525 99.21873912340014 3.6998715939584583 0.8011868483054924 0.6667106735072836 0.5864955208006055 0.0912593585193286 714 141 > logs_RF/salida_p22_9
../GA ../Data/DataFiles/p23 881 0.8576939656388809 0.5331491484033857 0.6289963253946305 4 1.8972468052976525 99.21873912340014 3.6998715939584583 0.8011868483054924 0.6667106735072836 0.5864955208006055 0.0912593585193286 714 141 > logs_RF/salida_p23_0
../GA ../Data/DataFiles/p23 887 0.8576939656388809 0.5331491484033857 0.6289963253946305 4 1.8972468052976525 99.21873912340014 3.6998715939584583 0.8011868483054924 0.6667106735072836 0.5864955208006055 0.0912593585193286 714 141 > logs_RF/salida_p23_1
../GA ../Data/DataFiles/p23 368 0.8576939656388809 0.5331491484033857 0.6289963253946305 4 1.8972468052976525 99.21873912340014 3.6998715939584583 0.8011868483054924 0.6667106735072836 0.5864955208006055 0.0912593585193286 714 141 > logs_RF/salida_p23_2
../GA ../Data/DataFiles/p23 742 0.8576939656388809 0.5331491484033857 0.6289963253946305 4 1.8972468052976525 99.21873912340014 3.6998715939584583 0.8011868483054924 0.6667106735072836 0.5864955208006055 0.0912593585193286 714 141 > logs_RF/salida_p23_3
../GA ../Data/DataFiles/p23 923 0.8576939656388809 0.5331491484033857 0.6289963253946305 4 1.8972468052976525 99.21873912340014 3.6998715939584583 0.8011868483054924 0.6667106735072836 0.5864955208006055 0.0912593585193286 714 141 > logs_RF/salida_p23_4
../GA ../Data/DataFiles/p23 772 0.8576939656388809 0.5331491484033857 0.6289963253946305 4 1.8972468052976525 99.21873912340014 3.6998715939584583 0.8011868483054924 0.6667106735072836 0.5864955208006055 0.0912593585193286 714 141 > logs_RF/salida_p23_5
../GA ../Data/DataFiles/p23 387 0.8576939656388809 0.5331491484033857 0.6289963253946305 4 1.8972468052976525 99.21873912340014 3.6998715939584583 0.8011868483054924 0.6667106735072836 0.5864955208006055 0.0912593585193286 714 141 > logs_RF/salida_p23_6
../GA ../Data/DataFiles/p23 852 0.8576939656388809 0.5331491484033857 0.6289963253946305 4 1.8972468052976525 99.21873912340014 3.6998715939584583 0.8011868483054924 0.6667106735072836 0.5864955208006055 0.0912593585193286 714 141 > logs_RF/salida_p23_7
../GA ../Data/DataFiles/p23 662 0.8576939656388809 0.5331491484033857 0.6289963253946305 4 1.8972468052976525 99.21873912340014 3.6998715939584583 0.8011868483054924 0.6667106735072836 0.5864955208006055 0.0912593585193286 714 141 > logs_RF/salida_p23_8
../GA ../Data/DataFiles/p23 772 0.8576939656388809 0.5331491484033857 0.6289963253946305 4 1.8972468052976525 99.21873912340014 3.6998715939584583 0.8011868483054924 0.6667106735072836 0.5864955208006055 0.0912593585193286 714 141 > logs_RF/salida_p23_9
