../GA ../Data/DataFiles/pr01 970 0.6505 0.6005 0.5655 7 1.9424 102.6964 0.8173 0.8084 0.6581 0.466 0.0992 864 432 > logs_RF/salida_pr01_0
../GA ../Data/DataFiles/pr01 545 0.6505 0.6005 0.5655 7 1.9424 102.6964 0.8173 0.8084 0.6581 0.466 0.0992 864 432 > logs_RF/salida_pr01_1
../GA ../Data/DataFiles/pr01 807 0.6505 0.6005 0.5655 7 1.9424 102.6964 0.8173 0.8084 0.6581 0.466 0.0992 864 432 > logs_RF/salida_pr01_2
../GA ../Data/DataFiles/pr01 140 0.6505 0.6005 0.5655 7 1.9424 102.6964 0.8173 0.8084 0.6581 0.466 0.0992 864 432 > logs_RF/salida_pr01_3
../GA ../Data/DataFiles/pr01 498 0.6505 0.6005 0.5655 7 1.9424 102.6964 0.8173 0.8084 0.6581 0.466 0.0992 864 432 > logs_RF/salida_pr01_4
../GA ../Data/DataFiles/pr01 245 0.6505 0.6005 0.5655 7 1.9424 102.6964 0.8173 0.8084 0.6581 0.466 0.0992 864 432 > logs_RF/salida_pr01_5
../GA ../Data/DataFiles/pr01 344 0.6505 0.6005 0.5655 7 1.9424 102.6964 0.8173 0.8084 0.6581 0.466 0.0992 864 432 > logs_RF/salida_pr01_6
../GA ../Data/DataFiles/pr01 186 0.6505 0.6005 0.5655 7 1.9424 102.6964 0.8173 0.8084 0.6581 0.466 0.0992 864 432 > logs_RF/salida_pr01_7
../GA ../Data/DataFiles/pr01 742 0.6505 0.6005 0.5655 7 1.9424 102.6964 0.8173 0.8084 0.6581 0.466 0.0992 864 432 > logs_RF/salida_pr01_8
../GA ../Data/DataFiles/pr01 918 0.6505 0.6005 0.5655 7 1.9424 102.6964 0.8173 0.8084 0.6581 0.466 0.0992 864 432 > logs_RF/salida_pr01_9
../GA ../Data/DataFiles/pr02 110 0.8857 0.5495 0.6141 6 1.9385 72.4322 0.9142 0.8119 0.4941 0.5398 0.1336 931 465 > logs_RF/salida_pr02_0
../GA ../Data/DataFiles/pr02 421 0.8857 0.5495 0.6141 6 1.9385 72.4322 0.9142 0.8119 0.4941 0.5398 0.1336 931 465 > logs_RF/salida_pr02_1
../GA ../Data/DataFiles/pr02 506 0.8857 0.5495 0.6141 6 1.9385 72.4322 0.9142 0.8119 0.4941 0.5398 0.1336 931 465 > logs_RF/salida_pr02_2
../GA ../Data/DataFiles/pr02 408 0.8857 0.5495 0.6141 6 1.9385 72.4322 0.9142 0.8119 0.4941 0.5398 0.1336 931 465 > logs_RF/salida_pr02_3
../GA ../Data/DataFiles/pr02 316 0.8857 0.5495 0.6141 6 1.9385 72.4322 0.9142 0.8119 0.4941 0.5398 0.1336 931 465 > logs_RF/salida_pr02_4
../GA ../Data/DataFiles/pr02 333 0.8857 0.5495 0.6141 6 1.9385 72.4322 0.9142 0.8119 0.4941 0.5398 0.1336 931 465 > logs_RF/salida_pr02_5
../GA ../Data/DataFiles/pr02 828 0.8857 0.5495 0.6141 6 1.9385 72.4322 0.9142 0.8119 0.4941 0.5398 0.1336 931 465 > logs_RF/salida_pr02_6
../GA ../Data/DataFiles/pr02 94 0.8857 0.5495 0.6141 6 1.9385 72.4322 0.9142 0.8119 0.4941 0.5398 0.1336 931 465 > logs_RF/salida_pr02_7
../GA ../Data/DataFiles/pr02 851 0.8857 0.5495 0.6141 6 1.9385 72.4322 0.9142 0.8119 0.4941 0.5398 0.1336 931 465 > logs_RF/salida_pr02_8
../GA ../Data/DataFiles/pr02 27 0.8857 0.5495 0.6141 6 1.9385 72.4322 0.9142 0.8119 0.4941 0.5398 0.1336 931 465 > logs_RF/salida_pr02_9
../GA ../Data/DataFiles/pr03 686 0.7815 0.5788 0.5433 8 1.8911 88.263 0.7261 0.7985 0.6464 0.512 0.1184 781 390 > logs_RF/salida_pr03_0
../GA ../Data/DataFiles/pr03 328 0.7815 0.5788 0.5433 8 1.8911 88.263 0.7261 0.7985 0.6464 0.512 0.1184 781 390 > logs_RF/salida_pr03_1
../GA ../Data/DataFiles/pr03 346 0.7815 0.5788 0.5433 8 1.8911 88.263 0.7261 0.7985 0.6464 0.512 0.1184 781 390 > logs_RF/salida_pr03_2
../GA ../Data/DataFiles/pr03 671 0.7815 0.5788 0.5433 8 1.8911 88.263 0.7261 0.7985 0.6464 0.512 0.1184 781 390 > logs_RF/salida_pr03_3
../GA ../Data/DataFiles/pr03 179 0.7815 0.5788 0.5433 8 1.8911 88.263 0.7261 0.7985 0.6464 0.512 0.1184 781 390 > logs_RF/salida_pr03_4
../GA ../Data/DataFiles/pr03 38 0.7815 0.5788 0.5433 8 1.8911 88.263 0.7261 0.7985 0.6464 0.512 0.1184 781 390 > logs_RF/salida_pr03_5
../GA ../Data/DataFiles/pr03 954 0.7815 0.5788 0.5433 8 1.8911 88.263 0.7261 0.7985 0.6464 0.512 0.1184 781 390 > logs_RF/salida_pr03_6
../GA ../Data/DataFiles/pr03 587 0.7815 0.5788 0.5433 8 1.8911 88.263 0.7261 0.7985 0.6464 0.512 0.1184 781 390 > logs_RF/salida_pr03_7
../GA ../Data/DataFiles/pr03 971 0.7815 0.5788 0.5433 8 1.8911 88.263 0.7261 0.7985 0.6464 0.512 0.1184 781 390 > logs_RF/salida_pr03_8
../GA ../Data/DataFiles/pr03 98 0.7815 0.5788 0.5433 8 1.8911 88.263 0.7261 0.7985 0.6464 0.512 0.1184 781 390 > logs_RF/salida_pr03_9
../GA ../Data/DataFiles/pr04 293 0.8874 0.5451 0.6148 8 1.9317 71.1154 0.8107 0.7923 0.5193 0.5415 0.1382 498 202 > logs_RF/salida_pr04_0
../GA ../Data/DataFiles/pr04 187 0.8874 0.5451 0.6148 8 1.9317 71.1154 0.8107 0.7923 0.5193 0.5415 0.1382 498 202 > logs_RF/salida_pr04_1
../GA ../Data/DataFiles/pr04 345 0.8874 0.5451 0.6148 8 1.9317 71.1154 0.8107 0.7923 0.5193 0.5415 0.1382 498 202 > logs_RF/salida_pr04_2
../GA ../Data/DataFiles/pr04 511 0.8874 0.5451 0.6148 8 1.9317 71.1154 0.8107 0.7923 0.5193 0.5415 0.1382 498 202 > logs_RF/salida_pr04_3
../GA ../Data/DataFiles/pr04 559 0.8874 0.5451 0.6148 8 1.9317 71.1154 0.8107 0.7923 0.5193 0.5415 0.1382 498 202 > logs_RF/salida_pr04_4
../GA ../Data/DataFiles/pr04 140 0.8874 0.5451 0.6148 8 1.9317 71.1154 0.8107 0.7923 0.5193 0.5415 0.1382 498 202 > logs_RF/salida_pr04_5
../GA ../Data/DataFiles/pr04 758 0.8874 0.5451 0.6148 8 1.9317 71.1154 0.8107 0.7923 0.5193 0.5415 0.1382 498 202 > logs_RF/salida_pr04_6
../GA ../Data/DataFiles/pr04 712 0.8874 0.5451 0.6148 8 1.9317 71.1154 0.8107 0.7923 0.5193 0.5415 0.1382 498 202 > logs_RF/salida_pr04_7
../GA ../Data/DataFiles/pr04 481 0.8874 0.5451 0.6148 8 1.9317 71.1154 0.8107 0.7923 0.5193 0.5415 0.1382 498 202 > logs_RF/salida_pr04_8
../GA ../Data/DataFiles/pr04 57 0.8874 0.5451 0.6148 8 1.9317 71.1154 0.8107 0.7923 0.5193 0.5415 0.1382 498 202 > logs_RF/salida_pr04_9
../GA ../Data/DataFiles/pr05 207 0.9437 0.5168 0.6896 7 1.8876 60.6187 0.8181 0.7947 0.4986 0.6292 0.1454 481 208 > logs_RF/salida_pr05_0
../GA ../Data/DataFiles/pr05 64 0.9437 0.5168 0.6896 7 1.8876 60.6187 0.8181 0.7947 0.4986 0.6292 0.1454 481 208 > logs_RF/salida_pr05_1
../GA ../Data/DataFiles/pr05 826 0.9437 0.5168 0.6896 7 1.8876 60.6187 0.8181 0.7947 0.4986 0.6292 0.1454 481 208 > logs_RF/salida_pr05_2
../GA ../Data/DataFiles/pr05 595 0.9437 0.5168 0.6896 7 1.8876 60.6187 0.8181 0.7947 0.4986 0.6292 0.1454 481 208 > logs_RF/salida_pr05_3
../GA ../Data/DataFiles/pr05 251 0.9437 0.5168 0.6896 7 1.8876 60.6187 0.8181 0.7947 0.4986 0.6292 0.1454 481 208 > logs_RF/salida_pr05_4
../GA ../Data/DataFiles/pr05 655 0.9437 0.5168 0.6896 7 1.8876 60.6187 0.8181 0.7947 0.4986 0.6292 0.1454 481 208 > logs_RF/salida_pr05_5
../GA ../Data/DataFiles/pr05 445 0.9437 0.5168 0.6896 7 1.8876 60.6187 0.8181 0.7947 0.4986 0.6292 0.1454 481 208 > logs_RF/salida_pr05_6
../GA ../Data/DataFiles/pr05 182 0.9437 0.5168 0.6896 7 1.8876 60.6187 0.8181 0.7947 0.4986 0.6292 0.1454 481 208 > logs_RF/salida_pr05_7
../GA ../Data/DataFiles/pr05 199 0.9437 0.5168 0.6896 7 1.8876 60.6187 0.8181 0.7947 0.4986 0.6292 0.1454 481 208 > logs_RF/salida_pr05_8
../GA ../Data/DataFiles/pr05 863 0.9437 0.5168 0.6896 7 1.8876 60.6187 0.8181 0.7947 0.4986 0.6292 0.1454 481 208 > logs_RF/salida_pr05_9
../GA ../Data/DataFiles/pr06 19 0.9399 0.5241 0.5927 8 1.9939 64.3503 1.3407 0.7662 0.561 0.55 0.1394 472 213 > logs_RF/salida_pr06_0
../GA ../Data/DataFiles/pr06 699 0.9399 0.5241 0.5927 8 1.9939 64.3503 1.3407 0.7662 0.561 0.55 0.1394 472 213 > logs_RF/salida_pr06_1
../GA ../Data/DataFiles/pr06 588 0.9399 0.5241 0.5927 8 1.9939 64.3503 1.3407 0.7662 0.561 0.55 0.1394 472 213 > logs_RF/salida_pr06_2
../GA ../Data/DataFiles/pr06 607 0.9399 0.5241 0.5927 8 1.9939 64.3503 1.3407 0.7662 0.561 0.55 0.1394 472 213 > logs_RF/salida_pr06_3
../GA ../Data/DataFiles/pr06 469 0.9399 0.5241 0.5927 8 1.9939 64.3503 1.3407 0.7662 0.561 0.55 0.1394 472 213 > logs_RF/salida_pr06_4
../GA ../Data/DataFiles/pr06 986 0.9399 0.5241 0.5927 8 1.9939 64.3503 1.3407 0.7662 0.561 0.55 0.1394 472 213 > logs_RF/salida_pr06_5
../GA ../Data/DataFiles/pr06 944 0.9399 0.5241 0.5927 8 1.9939 64.3503 1.3407 0.7662 0.561 0.55 0.1394 472 213 > logs_RF/salida_pr06_6
../GA ../Data/DataFiles/pr06 456 0.9399 0.5241 0.5927 8 1.9939 64.3503 1.3407 0.7662 0.561 0.55 0.1394 472 213 > logs_RF/salida_pr06_7
../GA ../Data/DataFiles/pr06 995 0.9399 0.5241 0.5927 8 1.9939 64.3503 1.3407 0.7662 0.561 0.55 0.1394 472 213 > logs_RF/salida_pr06_8
../GA ../Data/DataFiles/pr06 500 0.9399 0.5241 0.5927 8 1.9939 64.3503 1.3407 0.7662 0.561 0.55 0.1394 472 213 > logs_RF/salida_pr06_9
../GA ../Data/DataFiles/pr07 477 0.7146 0.5922 0.5702 6 1.9589 93.0987 1.6861 0.8133 0.6626 0.4283 0.1014 885 443 > logs_RF/salida_pr07_0
../GA ../Data/DataFiles/pr07 32 0.7146 0.5922 0.5702 6 1.9589 93.0987 1.6861 0.8133 0.6626 0.4283 0.1014 885 443 > logs_RF/salida_pr07_1
../GA ../Data/DataFiles/pr07 23 0.7146 0.5922 0.5702 6 1.9589 93.0987 1.6861 0.8133 0.6626 0.4283 0.1014 885 443 > logs_RF/salida_pr07_2
../GA ../Data/DataFiles/pr07 497 0.7146 0.5922 0.5702 6 1.9589 93.0987 1.6861 0.8133 0.6626 0.4283 0.1014 885 443 > logs_RF/salida_pr07_3
../GA ../Data/DataFiles/pr07 580 0.7146 0.5922 0.5702 6 1.9589 93.0987 1.6861 0.8133 0.6626 0.4283 0.1014 885 443 > logs_RF/salida_pr07_4
../GA ../Data/DataFiles/pr07 768 0.7146 0.5922 0.5702 6 1.9589 93.0987 1.6861 0.8133 0.6626 0.4283 0.1014 885 443 > logs_RF/salida_pr07_5
../GA ../Data/DataFiles/pr07 901 0.7146 0.5922 0.5702 6 1.9589 93.0987 1.6861 0.8133 0.6626 0.4283 0.1014 885 443 > logs_RF/salida_pr07_6
../GA ../Data/DataFiles/pr07 900 0.7146 0.5922 0.5702 6 1.9589 93.0987 1.6861 0.8133 0.6626 0.4283 0.1014 885 443 > logs_RF/salida_pr07_7
../GA ../Data/DataFiles/pr07 967 0.7146 0.5922 0.5702 6 1.9589 93.0987 1.6861 0.8133 0.6626 0.4283 0.1014 885 443 > logs_RF/salida_pr07_8
../GA ../Data/DataFiles/pr07 690 0.7146 0.5922 0.5702 6 1.9589 93.0987 1.6861 0.8133 0.6626 0.4283 0.1014 885 443 > logs_RF/salida_pr07_9
../GA ../Data/DataFiles/pr08 680 0.8441 0.5827 0.5432 9 1.8511 93.4035 0.5695 0.78 0.6624 0.5222 0.115 753 376 > logs_RF/salida_pr08_0
../GA ../Data/DataFiles/pr08 175 0.8441 0.5827 0.5432 9 1.8511 93.4035 0.5695 0.78 0.6624 0.5222 0.115 753 376 > logs_RF/salida_pr08_1
../GA ../Data/DataFiles/pr08 455 0.8441 0.5827 0.5432 9 1.8511 93.4035 0.5695 0.78 0.6624 0.5222 0.115 753 376 > logs_RF/salida_pr08_2
../GA ../Data/DataFiles/pr08 323 0.8441 0.5827 0.5432 9 1.8511 93.4035 0.5695 0.78 0.6624 0.5222 0.115 753 376 > logs_RF/salida_pr08_3
../GA ../Data/DataFiles/pr08 743 0.8441 0.5827 0.5432 9 1.8511 93.4035 0.5695 0.78 0.6624 0.5222 0.115 753 376 > logs_RF/salida_pr08_4
../GA ../Data/DataFiles/pr08 454 0.8441 0.5827 0.5432 9 1.8511 93.4035 0.5695 0.78 0.6624 0.5222 0.115 753 376 > logs_RF/salida_pr08_5
../GA ../Data/DataFiles/pr08 969 0.8441 0.5827 0.5432 9 1.8511 93.4035 0.5695 0.78 0.6624 0.5222 0.115 753 376 > logs_RF/salida_pr08_6
../GA ../Data/DataFiles/pr08 100 0.8441 0.5827 0.5432 9 1.8511 93.4035 0.5695 0.78 0.6624 0.5222 0.115 753 376 > logs_RF/salida_pr08_7
../GA ../Data/DataFiles/pr08 425 0.8441 0.5827 0.5432 9 1.8511 93.4035 0.5695 0.78 0.6624 0.5222 0.115 753 376 > logs_RF/salida_pr08_8
../GA ../Data/DataFiles/pr08 438 0.8441 0.5827 0.5432 9 1.8511 93.4035 0.5695 0.78 0.6624 0.5222 0.115 753 376 > logs_RF/salida_pr08_9
../GA ../Data/DataFiles/pr09 830 0.8583 0.5589 0.5824 8 1.8471 83.9586 0.7647 0.7822 0.6608 0.5323 0.1285 813 124 > logs_RF/salida_pr09_0
../GA ../Data/DataFiles/pr09 287 0.8583 0.5589 0.5824 8 1.8471 83.9586 0.7647 0.7822 0.6608 0.5323 0.1285 813 124 > logs_RF/salida_pr09_1
../GA ../Data/DataFiles/pr09 1 0.8583 0.5589 0.5824 8 1.8471 83.9586 0.7647 0.7822 0.6608 0.5323 0.1285 813 124 > logs_RF/salida_pr09_2
../GA ../Data/DataFiles/pr09 427 0.8583 0.5589 0.5824 8 1.8471 83.9586 0.7647 0.7822 0.6608 0.5323 0.1285 813 124 > logs_RF/salida_pr09_3
../GA ../Data/DataFiles/pr09 547 0.8583 0.5589 0.5824 8 1.8471 83.9586 0.7647 0.7822 0.6608 0.5323 0.1285 813 124 > logs_RF/salida_pr09_4
../GA ../Data/DataFiles/pr09 817 0.8583 0.5589 0.5824 8 1.8471 83.9586 0.7647 0.7822 0.6608 0.5323 0.1285 813 124 > logs_RF/salida_pr09_5
../GA ../Data/DataFiles/pr09 253 0.8583 0.5589 0.5824 8 1.8471 83.9586 0.7647 0.7822 0.6608 0.5323 0.1285 813 124 > logs_RF/salida_pr09_6
../GA ../Data/DataFiles/pr09 779 0.8583 0.5589 0.5824 8 1.8471 83.9586 0.7647 0.7822 0.6608 0.5323 0.1285 813 124 > logs_RF/salida_pr09_7
../GA ../Data/DataFiles/pr09 745 0.8583 0.5589 0.5824 8 1.8471 83.9586 0.7647 0.7822 0.6608 0.5323 0.1285 813 124 > logs_RF/salida_pr09_8
../GA ../Data/DataFiles/pr09 675 0.8583 0.5589 0.5824 8 1.8471 83.9586 0.7647 0.7822 0.6608 0.5323 0.1285 813 124 > logs_RF/salida_pr09_9
../GA ../Data/DataFiles/pr10 180 0.9324 0.5523 0.5592 8 2.0307 83.8481 0.2669 0.7531 0.6969 0.518 0.1322 820 122 > logs_RF/salida_pr10_0
../GA ../Data/DataFiles/pr10 115 0.9324 0.5523 0.5592 8 2.0307 83.8481 0.2669 0.7531 0.6969 0.518 0.1322 820 122 > logs_RF/salida_pr10_1
../GA ../Data/DataFiles/pr10 480 0.9324 0.5523 0.5592 8 2.0307 83.8481 0.2669 0.7531 0.6969 0.518 0.1322 820 122 > logs_RF/salida_pr10_2
../GA ../Data/DataFiles/pr10 359 0.9324 0.5523 0.5592 8 2.0307 83.8481 0.2669 0.7531 0.6969 0.518 0.1322 820 122 > logs_RF/salida_pr10_3
../GA ../Data/DataFiles/pr10 970 0.9324 0.5523 0.5592 8 2.0307 83.8481 0.2669 0.7531 0.6969 0.518 0.1322 820 122 > logs_RF/salida_pr10_4
../GA ../Data/DataFiles/pr10 501 0.9324 0.5523 0.5592 8 2.0307 83.8481 0.2669 0.7531 0.6969 0.518 0.1322 820 122 > logs_RF/salida_pr10_5
../GA ../Data/DataFiles/pr10 210 0.9324 0.5523 0.5592 8 2.0307 83.8481 0.2669 0.7531 0.6969 0.518 0.1322 820 122 > logs_RF/salida_pr10_6
../GA ../Data/DataFiles/pr10 760 0.9324 0.5523 0.5592 8 2.0307 83.8481 0.2669 0.7531 0.6969 0.518 0.1322 820 122 > logs_RF/salida_pr10_7
../GA ../Data/DataFiles/pr10 32 0.9324 0.5523 0.5592 8 2.0307 83.8481 0.2669 0.7531 0.6969 0.518 0.1322 820 122 > logs_RF/salida_pr10_8
../GA ../Data/DataFiles/pr10 499 0.9324 0.5523 0.5592 8 2.0307 83.8481 0.2669 0.7531 0.6969 0.518 0.1322 820 122 > logs_RF/salida_pr10_9
../GA ../Data/DataFiles/p01 396 0.8724 0.592 0.6513 2 2.0271 98.368 0.4976 0.8479 0.5033 0.5309 0.0931 1175 588 > logs_RF/salida_p01_0
../GA ../Data/DataFiles/p01 425 0.8724 0.592 0.6513 2 2.0271 98.368 0.4976 0.8479 0.5033 0.5309 0.0931 1175 588 > logs_RF/salida_p01_1
../GA ../Data/DataFiles/p01 264 0.8724 0.592 0.6513 2 2.0271 98.368 0.4976 0.8479 0.5033 0.5309 0.0931 1175 588 > logs_RF/salida_p01_2
../GA ../Data/DataFiles/p01 727 0.8724 0.592 0.6513 2 2.0271 98.368 0.4976 0.8479 0.5033 0.5309 0.0931 1175 588 > logs_RF/salida_p01_3
../GA ../Data/DataFiles/p01 448 0.8724 0.592 0.6513 2 2.0271 98.368 0.4976 0.8479 0.5033 0.5309 0.0931 1175 588 > logs_RF/salida_p01_4
../GA ../Data/DataFiles/p01 144 0.8724 0.592 0.6513 2 2.0271 98.368 0.4976 0.8479 0.5033 0.5309 0.0931 1175 588 > logs_RF/salida_p01_5
../GA ../Data/DataFiles/p01 546 0.8724 0.592 0.6513 2 2.0271 98.368 0.4976 0.8479 0.5033 0.5309 0.0931 1175 588 > logs_RF/salida_p01_6
../GA ../Data/DataFiles/p01 191 0.8724 0.592 0.6513 2 2.0271 98.368 0.4976 0.8479 0.5033 0.5309 0.0931 1175 588 > logs_RF/salida_p01_7
../GA ../Data/DataFiles/p01 512 0.8724 0.592 0.6513 2 2.0271 98.368 0.4976 0.8479 0.5033 0.5309 0.0931 1175 588 > logs_RF/salida_p01_8
../GA ../Data/DataFiles/p01 208 0.8724 0.592 0.6513 2 2.0271 98.368 0.4976 0.8479 0.5033 0.5309 0.0931 1175 588 > logs_RF/salida_p01_9
../GA ../Data/DataFiles/p02 169 0.8809 0.5901 0.638 3 1.9866 95.4761 0.4783 0.8409 0.4993 0.5119 0.0964 1107 554 > logs_RF/salida_p02_0
../GA ../Data/DataFiles/p02 962 0.8809 0.5901 0.638 3 1.9866 95.4761 0.4783 0.8409 0.4993 0.5119 0.0964 1107 554 > logs_RF/salida_p02_1
../GA ../Data/DataFiles/p02 889 0.8809 0.5901 0.638 3 1.9866 95.4761 0.4783 0.8409 0.4993 0.5119 0.0964 1107 554 > logs_RF/salida_p02_2
../GA ../Data/DataFiles/p02 903 0.8809 0.5901 0.638 3 1.9866 95.4761 0.4783 0.8409 0.4993 0.5119 0.0964 1107 554 > logs_RF/salida_p02_3
../GA ../Data/DataFiles/p02 92 0.8809 0.5901 0.638 3 1.9866 95.4761 0.4783 0.8409 0.4993 0.5119 0.0964 1107 554 > logs_RF/salida_p02_4
../GA ../Data/DataFiles/p02 430 0.8809 0.5901 0.638 3 1.9866 95.4761 0.4783 0.8409 0.4993 0.5119 0.0964 1107 554 > logs_RF/salida_p02_5
../GA ../Data/DataFiles/p02 229 0.8809 0.5901 0.638 3 1.9866 95.4761 0.4783 0.8409 0.4993 0.5119 0.0964 1107 554 > logs_RF/salida_p02_6
../GA ../Data/DataFiles/p02 542 0.8809 0.5901 0.638 3 1.9866 95.4761 0.4783 0.8409 0.4993 0.5119 0.0964 1107 554 > logs_RF/salida_p02_7
../GA ../Data/DataFiles/p02 304 0.8809 0.5901 0.638 3 1.9866 95.4761 0.4783 0.8409 0.4993 0.5119 0.0964 1107 554 > logs_RF/salida_p02_8
../GA ../Data/DataFiles/p02 249 0.8809 0.5901 0.638 3 1.9866 95.4761 0.4783 0.8409 0.4993 0.5119 0.0964 1107 554 > logs_RF/salida_p02_9
../GA ../Data/DataFiles/p03 200 0.9551 0.6061 0.5944 4 2.0375 76.0691 8.0375 0.8522 0.4794 0.4713 0.1254 1051 525 > logs_RF/salida_p03_0
../GA ../Data/DataFiles/p03 877 0.9551 0.6061 0.5944 4 2.0375 76.0691 8.0375 0.8522 0.4794 0.4713 0.1254 1051 525 > logs_RF/salida_p03_1
../GA ../Data/DataFiles/p03 779 0.9551 0.6061 0.5944 4 2.0375 76.0691 8.0375 0.8522 0.4794 0.4713 0.1254 1051 525 > logs_RF/salida_p03_2
../GA ../Data/DataFiles/p03 524 0.9551 0.6061 0.5944 4 2.0375 76.0691 8.0375 0.8522 0.4794 0.4713 0.1254 1051 525 > logs_RF/salida_p03_3
../GA ../Data/DataFiles/p03 706 0.9551 0.6061 0.5944 4 2.0375 76.0691 8.0375 0.8522 0.4794 0.4713 0.1254 1051 525 > logs_RF/salida_p03_4
../GA ../Data/DataFiles/p03 802 0.9551 0.6061 0.5944 4 2.0375 76.0691 8.0375 0.8522 0.4794 0.4713 0.1254 1051 525 > logs_RF/salida_p03_5
../GA ../Data/DataFiles/p03 232 0.9551 0.6061 0.5944 4 2.0375 76.0691 8.0375 0.8522 0.4794 0.4713 0.1254 1051 525 > logs_RF/salida_p03_6
../GA ../Data/DataFiles/p03 440 0.9551 0.6061 0.5944 4 2.0375 76.0691 8.0375 0.8522 0.4794 0.4713 0.1254 1051 525 > logs_RF/salida_p03_7
../GA ../Data/DataFiles/p03 176 0.9551 0.6061 0.5944 4 2.0375 76.0691 8.0375 0.8522 0.4794 0.4713 0.1254 1051 525 > logs_RF/salida_p03_8
../GA ../Data/DataFiles/p03 343 0.9551 0.6061 0.5944 4 2.0375 76.0691 8.0375 0.8522 0.4794 0.4713 0.1254 1051 525 > logs_RF/salida_p03_9
../GA ../Data/DataFiles/p04 316 0.9619 0.5608 0.5894 4 1.9599 71.5863 1.9222 0.8278 0.4634 0.5001 0.1258 1042 521 > logs_RF/salida_p04_0
../GA ../Data/DataFiles/p04 163 0.9619 0.5608 0.5894 4 1.9599 71.5863 1.9222 0.8278 0.4634 0.5001 0.1258 1042 521 > logs_RF/salida_p04_1
../GA ../Data/DataFiles/p04 306 0.9619 0.5608 0.5894 4 1.9599 71.5863 1.9222 0.8278 0.4634 0.5001 0.1258 1042 521 > logs_RF/salida_p04_2
../GA ../Data/DataFiles/p04 966 0.9619 0.5608 0.5894 4 1.9599 71.5863 1.9222 0.8278 0.4634 0.5001 0.1258 1042 521 > logs_RF/salida_p04_3
../GA ../Data/DataFiles/p04 28 0.9619 0.5608 0.5894 4 1.9599 71.5863 1.9222 0.8278 0.4634 0.5001 0.1258 1042 521 > logs_RF/salida_p04_4
../GA ../Data/DataFiles/p04 351 0.9619 0.5608 0.5894 4 1.9599 71.5863 1.9222 0.8278 0.4634 0.5001 0.1258 1042 521 > logs_RF/salida_p04_5
../GA ../Data/DataFiles/p04 701 0.9619 0.5608 0.5894 4 1.9599 71.5863 1.9222 0.8278 0.4634 0.5001 0.1258 1042 521 > logs_RF/salida_p04_6
../GA ../Data/DataFiles/p04 128 0.9619 0.5608 0.5894 4 1.9599 71.5863 1.9222 0.8278 0.4634 0.5001 0.1258 1042 521 > logs_RF/salida_p04_7
../GA ../Data/DataFiles/p04 549 0.9619 0.5608 0.5894 4 1.9599 71.5863 1.9222 0.8278 0.4634 0.5001 0.1258 1042 521 > logs_RF/salida_p04_8
../GA ../Data/DataFiles/p04 856 0.9619 0.5608 0.5894 4 1.9599 71.5863 1.9222 0.8278 0.4634 0.5001 0.1258 1042 521 > logs_RF/salida_p04_9
../GA ../Data/DataFiles/p05 475 0.9771 0.5578 0.5738 5 1.9588 67.0261 1.8857 0.8173 0.4654 0.4832 0.1373 949 475 > logs_RF/salida_p05_0
../GA ../Data/DataFiles/p05 88 0.9771 0.5578 0.5738 5 1.9588 67.0261 1.8857 0.8173 0.4654 0.4832 0.1373 949 475 > logs_RF/salida_p05_1
../GA ../Data/DataFiles/p05 27 0.9771 0.5578 0.5738 5 1.9588 67.0261 1.8857 0.8173 0.4654 0.4832 0.1373 949 475 > logs_RF/salida_p05_2
../GA ../Data/DataFiles/p05 363 0.9771 0.5578 0.5738 5 1.9588 67.0261 1.8857 0.8173 0.4654 0.4832 0.1373 949 475 > logs_RF/salida_p05_3
../GA ../Data/DataFiles/p05 818 0.9771 0.5578 0.5738 5 1.9588 67.0261 1.8857 0.8173 0.4654 0.4832 0.1373 949 475 > logs_RF/salida_p05_4
../GA ../Data/DataFiles/p05 578 0.9771 0.5578 0.5738 5 1.9588 67.0261 1.8857 0.8173 0.4654 0.4832 0.1373 949 475 > logs_RF/salida_p05_5
../GA ../Data/DataFiles/p05 275 0.9771 0.5578 0.5738 5 1.9588 67.0261 1.8857 0.8173 0.4654 0.4832 0.1373 949 475 > logs_RF/salida_p05_6
../GA ../Data/DataFiles/p05 895 0.9771 0.5578 0.5738 5 1.9588 67.0261 1.8857 0.8173 0.4654 0.4832 0.1373 949 475 > logs_RF/salida_p05_7
../GA ../Data/DataFiles/p05 621 0.9771 0.5578 0.5738 5 1.9588 67.0261 1.8857 0.8173 0.4654 0.4832 0.1373 949 475 > logs_RF/salida_p05_8
../GA ../Data/DataFiles/p05 357 0.9771 0.5578 0.5738 5 1.9588 67.0261 1.8857 0.8173 0.4654 0.4832 0.1373 949 475 > logs_RF/salida_p05_9
../GA ../Data/DataFiles/p06 417 0.9797 0.5928 0.5701 4 1.9699 69.7105 1.5984 0.829 0.4677 0.4696 0.1338 1013 507 > logs_RF/salida_p06_0
../GA ../Data/DataFiles/p06 392 0.9797 0.5928 0.5701 4 1.9699 69.7105 1.5984 0.829 0.4677 0.4696 0.1338 1013 507 > logs_RF/salida_p06_1
../GA ../Data/DataFiles/p06 883 0.9797 0.5928 0.5701 4 1.9699 69.7105 1.5984 0.829 0.4677 0.4696 0.1338 1013 507 > logs_RF/salida_p06_2
../GA ../Data/DataFiles/p06 775 0.9797 0.5928 0.5701 4 1.9699 69.7105 1.5984 0.829 0.4677 0.4696 0.1338 1013 507 > logs_RF/salida_p06_3
../GA ../Data/DataFiles/p06 315 0.9797 0.5928 0.5701 4 1.9699 69.7105 1.5984 0.829 0.4677 0.4696 0.1338 1013 507 > logs_RF/salida_p06_4
../GA ../Data/DataFiles/p06 348 0.9797 0.5928 0.5701 4 1.9699 69.7105 1.5984 0.829 0.4677 0.4696 0.1338 1013 507 > logs_RF/salida_p06_5
../GA ../Data/DataFiles/p06 80 0.9797 0.5928 0.5701 4 1.9699 69.7105 1.5984 0.829 0.4677 0.4696 0.1338 1013 507 > logs_RF/salida_p06_6
../GA ../Data/DataFiles/p06 287 0.9797 0.5928 0.5701 4 1.9699 69.7105 1.5984 0.829 0.4677 0.4696 0.1338 1013 507 > logs_RF/salida_p06_7
../GA ../Data/DataFiles/p06 984 0.9797 0.5928 0.5701 4 1.9699 69.7105 1.5984 0.829 0.4677 0.4696 0.1338 1013 507 > logs_RF/salida_p06_8
../GA ../Data/DataFiles/p06 617 0.9797 0.5928 0.5701 4 1.9699 69.7105 1.5984 0.829 0.4677 0.4696 0.1338 1013 507 > logs_RF/salida_p06_9
../GA ../Data/DataFiles/p07 362 0.962 0.5942 0.6021 3 1.9652 71.6203 0.6171 0.8318 0.4847 0.4918 0.1311 1009 504 > logs_RF/salida_p07_0
../GA ../Data/DataFiles/p07 978 0.962 0.5942 0.6021 3 1.9652 71.6203 0.6171 0.8318 0.4847 0.4918 0.1311 1009 504 > logs_RF/salida_p07_1
../GA ../Data/DataFiles/p07 387 0.962 0.5942 0.6021 3 1.9652 71.6203 0.6171 0.8318 0.4847 0.4918 0.1311 1009 504 > logs_RF/salida_p07_2
../GA ../Data/DataFiles/p07 357 0.962 0.5942 0.6021 3 1.9652 71.6203 0.6171 0.8318 0.4847 0.4918 0.1311 1009 504 > logs_RF/salida_p07_3
../GA ../Data/DataFiles/p07 753 0.962 0.5942 0.6021 3 1.9652 71.6203 0.6171 0.8318 0.4847 0.4918 0.1311 1009 504 > logs_RF/salida_p07_4
../GA ../Data/DataFiles/p07 81 0.962 0.5942 0.6021 3 1.9652 71.6203 0.6171 0.8318 0.4847 0.4918 0.1311 1009 504 > logs_RF/salida_p07_5
../GA ../Data/DataFiles/p07 770 0.962 0.5942 0.6021 3 1.9652 71.6203 0.6171 0.8318 0.4847 0.4918 0.1311 1009 504 > logs_RF/salida_p07_6
../GA ../Data/DataFiles/p07 808 0.962 0.5942 0.6021 3 1.9652 71.6203 0.6171 0.8318 0.4847 0.4918 0.1311 1009 504 > logs_RF/salida_p07_7
../GA ../Data/DataFiles/p07 444 0.962 0.5942 0.6021 3 1.9652 71.6203 0.6171 0.8318 0.4847 0.4918 0.1311 1009 504 > logs_RF/salida_p07_8
../GA ../Data/DataFiles/p07 869 0.962 0.5942 0.6021 3 1.9652 71.6203 0.6171 0.8318 0.4847 0.4918 0.1311 1009 504 > logs_RF/salida_p07_9
../GA ../Data/DataFiles/p08 294 0.7639 0.5251 0.3378 7 1.8886 92.3996 2.6764 0.7268 0.6519 0.4916 0.1195 578 173 > logs_RF/salida_p08_0
../GA ../Data/DataFiles/p08 218 0.7639 0.5251 0.3378 7 1.8886 92.3996 2.6764 0.7268 0.6519 0.4916 0.1195 578 173 > logs_RF/salida_p08_1
../GA ../Data/DataFiles/p08 422 0.7639 0.5251 0.3378 7 1.8886 92.3996 2.6764 0.7268 0.6519 0.4916 0.1195 578 173 > logs_RF/salida_p08_2
../GA ../Data/DataFiles/p08 464 0.7639 0.5251 0.3378 7 1.8886 92.3996 2.6764 0.7268 0.6519 0.4916 0.1195 578 173 > logs_RF/salida_p08_3
../GA ../Data/DataFiles/p08 739 0.7639 0.5251 0.3378 7 1.8886 92.3996 2.6764 0.7268 0.6519 0.4916 0.1195 578 173 > logs_RF/salida_p08_4
../GA ../Data/DataFiles/p08 990 0.7639 0.5251 0.3378 7 1.8886 92.3996 2.6764 0.7268 0.6519 0.4916 0.1195 578 173 > logs_RF/salida_p08_5
../GA ../Data/DataFiles/p08 791 0.7639 0.5251 0.3378 7 1.8886 92.3996 2.6764 0.7268 0.6519 0.4916 0.1195 578 173 > logs_RF/salida_p08_6
../GA ../Data/DataFiles/p08 212 0.7639 0.5251 0.3378 7 1.8886 92.3996 2.6764 0.7268 0.6519 0.4916 0.1195 578 173 > logs_RF/salida_p08_7
../GA ../Data/DataFiles/p08 267 0.7639 0.5251 0.3378 7 1.8886 92.3996 2.6764 0.7268 0.6519 0.4916 0.1195 578 173 > logs_RF/salida_p08_8
../GA ../Data/DataFiles/p08 522 0.7639 0.5251 0.3378 7 1.8886 92.3996 2.6764 0.7268 0.6519 0.4916 0.1195 578 173 > logs_RF/salida_p08_9
../GA ../Data/DataFiles/p09 476 0.8181 0.5401 0.3366 7 1.9231 90.9915 3.2265 0.7256 0.6612 0.4968 0.1189 680 148 > logs_RF/salida_p09_0
../GA ../Data/DataFiles/p09 108 0.8181 0.5401 0.3366 7 1.9231 90.9915 3.2265 0.7256 0.6612 0.4968 0.1189 680 148 > logs_RF/salida_p09_1
../GA ../Data/DataFiles/p09 292 0.8181 0.5401 0.3366 7 1.9231 90.9915 3.2265 0.7256 0.6612 0.4968 0.1189 680 148 > logs_RF/salida_p09_2
../GA ../Data/DataFiles/p09 803 0.8181 0.5401 0.3366 7 1.9231 90.9915 3.2265 0.7256 0.6612 0.4968 0.1189 680 148 > logs_RF/salida_p09_3
../GA ../Data/DataFiles/p09 820 0.8181 0.5401 0.3366 7 1.9231 90.9915 3.2265 0.7256 0.6612 0.4968 0.1189 680 148 > logs_RF/salida_p09_4
../GA ../Data/DataFiles/p09 123 0.8181 0.5401 0.3366 7 1.9231 90.9915 3.2265 0.7256 0.6612 0.4968 0.1189 680 148 > logs_RF/salida_p09_5
../GA ../Data/DataFiles/p09 371 0.8181 0.5401 0.3366 7 1.9231 90.9915 3.2265 0.7256 0.6612 0.4968 0.1189 680 148 > logs_RF/salida_p09_6
../GA ../Data/DataFiles/p09 529 0.8181 0.5401 0.3366 7 1.9231 90.9915 3.2265 0.7256 0.6612 0.4968 0.1189 680 148 > logs_RF/salida_p09_7
../GA ../Data/DataFiles/p09 191 0.8181 0.5401 0.3366 7 1.9231 90.9915 3.2265 0.7256 0.6612 0.4968 0.1189 680 148 > logs_RF/salida_p09_8
../GA ../Data/DataFiles/p09 111 0.8181 0.5401 0.3366 7 1.9231 90.9915 3.2265 0.7256 0.6612 0.4968 0.1189 680 148 > logs_RF/salida_p09_9
../GA ../Data/DataFiles/p10 180 0.8113 0.5401 0.5471 7 1.8992 83.1577 2.6475 0.7531 0.6812 0.5092 0.1187 769 131 > logs_RF/salida_p10_0
../GA ../Data/DataFiles/p10 419 0.8113 0.5401 0.5471 7 1.8992 83.1577 2.6475 0.7531 0.6812 0.5092 0.1187 769 131 > logs_RF/salida_p10_1
../GA ../Data/DataFiles/p10 971 0.8113 0.5401 0.5471 7 1.8992 83.1577 2.6475 0.7531 0.6812 0.5092 0.1187 769 131 > logs_RF/salida_p10_2
../GA ../Data/DataFiles/p10 805 0.8113 0.5401 0.5471 7 1.8992 83.1577 2.6475 0.7531 0.6812 0.5092 0.1187 769 131 > logs_RF/salida_p10_3
../GA ../Data/DataFiles/p10 33 0.8113 0.5401 0.5471 7 1.8992 83.1577 2.6475 0.7531 0.6812 0.5092 0.1187 769 131 > logs_RF/salida_p10_4
../GA ../Data/DataFiles/p10 164 0.8113 0.5401 0.5471 7 1.8992 83.1577 2.6475 0.7531 0.6812 0.5092 0.1187 769 131 > logs_RF/salida_p10_5
../GA ../Data/DataFiles/p10 878 0.8113 0.5401 0.5471 7 1.8992 83.1577 2.6475 0.7531 0.6812 0.5092 0.1187 769 131 > logs_RF/salida_p10_6
../GA ../Data/DataFiles/p10 510 0.8113 0.5401 0.5471 7 1.8992 83.1577 2.6475 0.7531 0.6812 0.5092 0.1187 769 131 > logs_RF/salida_p10_7
../GA ../Data/DataFiles/p10 299 0.8113 0.5401 0.5471 7 1.8992 83.1577 2.6475 0.7531 0.6812 0.5092 0.1187 769 131 > logs_RF/salida_p10_8
../GA ../Data/DataFiles/p10 826 0.8113 0.5401 0.5471 7 1.8992 83.1577 2.6475 0.7531 0.6812 0.5092 0.1187 769 131 > logs_RF/salida_p10_9
../GA ../Data/DataFiles/p11 589 0.8109 0.5431 0.5472 6 1.9084 83.3197 2.6397 0.7541 0.6783 0.5047 0.1181 781 128 > logs_RF/salida_p11_0
../GA ../Data/DataFiles/p11 961 0.8109 0.5431 0.5472 6 1.9084 83.3197 2.6397 0.7541 0.6783 0.5047 0.1181 781 128 > logs_RF/salida_p11_1
../GA ../Data/DataFiles/p11 570 0.8109 0.5431 0.5472 6 1.9084 83.3197 2.6397 0.7541 0.6783 0.5047 0.1181 781 128 > logs_RF/salida_p11_2
../GA ../Data/DataFiles/p11 654 0.8109 0.5431 0.5472 6 1.9084 83.3197 2.6397 0.7541 0.6783 0.5047 0.1181 781 128 > logs_RF/salida_p11_3
../GA ../Data/DataFiles/p11 992 0.8109 0.5431 0.5472 6 1.9084 83.3197 2.6397 0.7541 0.6783 0.5047 0.1181 781 128 > logs_RF/salida_p11_4
../GA ../Data/DataFiles/p11 295 0.8109 0.5431 0.5472 6 1.9084 83.3197 2.6397 0.7541 0.6783 0.5047 0.1181 781 128 > logs_RF/salida_p11_5
../GA ../Data/DataFiles/p11 335 0.8109 0.5431 0.5472 6 1.9084 83.3197 2.6397 0.7541 0.6783 0.5047 0.1181 781 128 > logs_RF/salida_p11_6
../GA ../Data/DataFiles/p11 989 0.8109 0.5431 0.5472 6 1.9084 83.3197 2.6397 0.7541 0.6783 0.5047 0.1181 781 128 > logs_RF/salida_p11_7
../GA ../Data/DataFiles/p11 54 0.8109 0.5431 0.5472 6 1.9084 83.3197 2.6397 0.7541 0.6783 0.5047 0.1181 781 128 > logs_RF/salida_p11_8
../GA ../Data/DataFiles/p11 130 0.8109 0.5431 0.5472 6 1.9084 83.3197 2.6397 0.7541 0.6783 0.5047 0.1181 781 128 > logs_RF/salida_p11_9
../GA ../Data/DataFiles/p12 841 0.9087 0.4405 0.5319 2 1.9217 89.9053 2.3808 0.7856 0.5327 0.6132 0.1037 1134 567 > logs_RF/salida_p12_0
../GA ../Data/DataFiles/p12 797 0.9087 0.4405 0.5319 2 1.9217 89.9053 2.3808 0.7856 0.5327 0.6132 0.1037 1134 567 > logs_RF/salida_p12_1
../GA ../Data/DataFiles/p12 531 0.9087 0.4405 0.5319 2 1.9217 89.9053 2.3808 0.7856 0.5327 0.6132 0.1037 1134 567 > logs_RF/salida_p12_2
../GA ../Data/DataFiles/p12 718 0.9087 0.4405 0.5319 2 1.9217 89.9053 2.3808 0.7856 0.5327 0.6132 0.1037 1134 567 > logs_RF/salida_p12_3
../GA ../Data/DataFiles/p12 964 0.9087 0.4405 0.5319 2 1.9217 89.9053 2.3808 0.7856 0.5327 0.6132 0.1037 1134 567 > logs_RF/salida_p12_4
../GA ../Data/DataFiles/p12 944 0.9087 0.4405 0.5319 2 1.9217 89.9053 2.3808 0.7856 0.5327 0.6132 0.1037 1134 567 > logs_RF/salida_p12_5
../GA ../Data/DataFiles/p12 872 0.9087 0.4405 0.5319 2 1.9217 89.9053 2.3808 0.7856 0.5327 0.6132 0.1037 1134 567 > logs_RF/salida_p12_6
../GA ../Data/DataFiles/p12 669 0.9087 0.4405 0.5319 2 1.9217 89.9053 2.3808 0.7856 0.5327 0.6132 0.1037 1134 567 > logs_RF/salida_p12_7
../GA ../Data/DataFiles/p12 490 0.9087 0.4405 0.5319 2 1.9217 89.9053 2.3808 0.7856 0.5327 0.6132 0.1037 1134 567 > logs_RF/salida_p12_8
../GA ../Data/DataFiles/p12 188 0.9087 0.4405 0.5319 2 1.9217 89.9053 2.3808 0.7856 0.5327 0.6132 0.1037 1134 567 > logs_RF/salida_p12_9
../GA ../Data/DataFiles/p13 260 0.9087 0.4405 0.5319 2 1.9217 89.9053 2.3808 0.7856 0.5327 0.6132 0.1037 1134 567 > logs_RF/salida_p13_0
../GA ../Data/DataFiles/p13 854 0.9087 0.4405 0.5319 2 1.9217 89.9053 2.3808 0.7856 0.5327 0.6132 0.1037 1134 567 > logs_RF/salida_p13_1
../GA ../Data/DataFiles/p13 309 0.9087 0.4405 0.5319 2 1.9217 89.9053 2.3808 0.7856 0.5327 0.6132 0.1037 1134 567 > logs_RF/salida_p13_2
../GA ../Data/DataFiles/p13 2 0.9087 0.4405 0.5319 2 1.9217 89.9053 2.3808 0.7856 0.5327 0.6132 0.1037 1134 567 > logs_RF/salida_p13_3
../GA ../Data/DataFiles/p13 238 0.9087 0.4405 0.5319 2 1.9217 89.9053 2.3808 0.7856 0.5327 0.6132 0.1037 1134 567 > logs_RF/salida_p13_4
../GA ../Data/DataFiles/p13 401 0.9087 0.4405 0.5319 2 1.9217 89.9053 2.3808 0.7856 0.5327 0.6132 0.1037 1134 567 > logs_RF/salida_p13_5
../GA ../Data/DataFiles/p13 294 0.9087 0.4405 0.5319 2 1.9217 89.9053 2.3808 0.7856 0.5327 0.6132 0.1037 1134 567 > logs_RF/salida_p13_6
../GA ../Data/DataFiles/p13 185 0.9087 0.4405 0.5319 2 1.9217 89.9053 2.3808 0.7856 0.5327 0.6132 0.1037 1134 567 > logs_RF/salida_p13_7
../GA ../Data/DataFiles/p13 653 0.9087 0.4405 0.5319 2 1.9217 89.9053 2.3808 0.7856 0.5327 0.6132 0.1037 1134 567 > logs_RF/salida_p13_8
../GA ../Data/DataFiles/p13 461 0.9087 0.4405 0.5319 2 1.9217 89.9053 2.3808 0.7856 0.5327 0.6132 0.1037 1134 567 > logs_RF/salida_p13_9
../GA ../Data/DataFiles/p14 439 0.9087 0.4405 0.5319 2 1.9217 89.9053 2.3808 0.7856 0.5327 0.6132 0.1037 1134 567 > logs_RF/salida_p14_0
../GA ../Data/DataFiles/p14 820 0.9087 0.4405 0.5319 2 1.9217 89.9053 2.3808 0.7856 0.5327 0.6132 0.1037 1134 567 > logs_RF/salida_p14_1
../GA ../Data/DataFiles/p14 869 0.9087 0.4405 0.5319 2 1.9217 89.9053 2.3808 0.7856 0.5327 0.6132 0.1037 1134 567 > logs_RF/salida_p14_2
../GA ../Data/DataFiles/p14 657 0.9087 0.4405 0.5319 2 1.9217 89.9053 2.3808 0.7856 0.5327 0.6132 0.1037 1134 567 > logs_RF/salida_p14_3
../GA ../Data/DataFiles/p14 738 0.9087 0.4405 0.5319 2 1.9217 89.9053 2.3808 0.7856 0.5327 0.6132 0.1037 1134 567 > logs_RF/salida_p14_4
../GA ../Data/DataFiles/p14 602 0.9087 0.4405 0.5319 2 1.9217 89.9053 2.3808 0.7856 0.5327 0.6132 0.1037 1134 567 > logs_RF/salida_p14_5
../GA ../Data/DataFiles/p14 563 0.9087 0.4405 0.5319 2 1.9217 89.9053 2.3808 0.7856 0.5327 0.6132 0.1037 1134 567 > logs_RF/salida_p14_6
../GA ../Data/DataFiles/p14 128 0.9087 0.4405 0.5319 2 1.9217 89.9053 2.3808 0.7856 0.5327 0.6132 0.1037 1134 567 > logs_RF/salida_p14_7
../GA ../Data/DataFiles/p14 29 0.9087 0.4405 0.5319 2 1.9217 89.9053 2.3808 0.7856 0.5327 0.6132 0.1037 1134 567 > logs_RF/salida_p14_8
../GA ../Data/DataFiles/p14 855 0.9087 0.4405 0.5319 2 1.9217 89.9053 2.3808 0.7856 0.5327 0.6132 0.1037 1134 567 > logs_RF/salida_p14_9
../GA ../Data/DataFiles/p15 183 0.884 0.5395 0.5612 3 1.8137 88.5289 1.2732 0.8142 0.4628 0.5894 0.1078 1149 574 > logs_RF/salida_p15_0
../GA ../Data/DataFiles/p15 195 0.884 0.5395 0.5612 3 1.8137 88.5289 1.2732 0.8142 0.4628 0.5894 0.1078 1149 574 > logs_RF/salida_p15_1
../GA ../Data/DataFiles/p15 316 0.884 0.5395 0.5612 3 1.8137 88.5289 1.2732 0.8142 0.4628 0.5894 0.1078 1149 574 > logs_RF/salida_p15_2
../GA ../Data/DataFiles/p15 435 0.884 0.5395 0.5612 3 1.8137 88.5289 1.2732 0.8142 0.4628 0.5894 0.1078 1149 574 > logs_RF/salida_p15_3
../GA ../Data/DataFiles/p15 522 0.884 0.5395 0.5612 3 1.8137 88.5289 1.2732 0.8142 0.4628 0.5894 0.1078 1149 574 > logs_RF/salida_p15_4
../GA ../Data/DataFiles/p15 966 0.884 0.5395 0.5612 3 1.8137 88.5289 1.2732 0.8142 0.4628 0.5894 0.1078 1149 574 > logs_RF/salida_p15_5
../GA ../Data/DataFiles/p15 502 0.884 0.5395 0.5612 3 1.8137 88.5289 1.2732 0.8142 0.4628 0.5894 0.1078 1149 574 > logs_RF/salida_p15_6
../GA ../Data/DataFiles/p15 983 0.884 0.5395 0.5612 3 1.8137 88.5289 1.2732 0.8142 0.4628 0.5894 0.1078 1149 574 > logs_RF/salida_p15_7
../GA ../Data/DataFiles/p15 757 0.884 0.5395 0.5612 3 1.8137 88.5289 1.2732 0.8142 0.4628 0.5894 0.1078 1149 574 > logs_RF/salida_p15_8
../GA ../Data/DataFiles/p15 540 0.884 0.5395 0.5612 3 1.8137 88.5289 1.2732 0.8142 0.4628 0.5894 0.1078 1149 574 > logs_RF/salida_p15_9
../GA ../Data/DataFiles/p16 517 0.884 0.5395 0.5612 3 1.8137 88.5289 1.2732 0.8142 0.4628 0.5894 0.1078 1149 574 > logs_RF/salida_p16_0
../GA ../Data/DataFiles/p16 108 0.884 0.5395 0.5612 3 1.8137 88.5289 1.2732 0.8142 0.4628 0.5894 0.1078 1149 574 > logs_RF/salida_p16_1
../GA ../Data/DataFiles/p16 86 0.884 0.5395 0.5612 3 1.8137 88.5289 1.2732 0.8142 0.4628 0.5894 0.1078 1149 574 > logs_RF/salida_p16_2
../GA ../Data/DataFiles/p16 780 0.884 0.5395 0.5612 3 1.8137 88.5289 1.2732 0.8142 0.4628 0.5894 0.1078 1149 574 > logs_RF/salida_p16_3
../GA ../Data/DataFiles/p16 381 0.884 0.5395 0.5612 3 1.8137 88.5289 1.2732 0.8142 0.4628 0.5894 0.1078 1149 574 > logs_RF/salida_p16_4
../GA ../Data/DataFiles/p16 794 0.884 0.5395 0.5612 3 1.8137 88.5289 1.2732 0.8142 0.4628 0.5894 0.1078 1149 574 > logs_RF/salida_p16_5
../GA ../Data/DataFiles/p16 783 0.884 0.5395 0.5612 3 1.8137 88.5289 1.2732 0.8142 0.4628 0.5894 0.1078 1149 574 > logs_RF/salida_p16_6
../GA ../Data/DataFiles/p16 674 0.884 0.5395 0.5612 3 1.8137 88.5289 1.2732 0.8142 0.4628 0.5894 0.1078 1149 574 > logs_RF/salida_p16_7
../GA ../Data/DataFiles/p16 171 0.884 0.5395 0.5612 3 1.8137 88.5289 1.2732 0.8142 0.4628 0.5894 0.1078 1149 574 > logs_RF/salida_p16_8
../GA ../Data/DataFiles/p16 488 0.884 0.5395 0.5612 3 1.8137 88.5289 1.2732 0.8142 0.4628 0.5894 0.1078 1149 574 > logs_RF/salida_p16_9
../GA ../Data/DataFiles/p17 606 0.884 0.5395 0.5612 3 1.8137 88.5289 1.2732 0.8142 0.4628 0.5894 0.1078 1149 574 > logs_RF/salida_p17_0
../GA ../Data/DataFiles/p17 299 0.884 0.5395 0.5612 3 1.8137 88.5289 1.2732 0.8142 0.4628 0.5894 0.1078 1149 574 > logs_RF/salida_p17_1
../GA ../Data/DataFiles/p17 798 0.884 0.5395 0.5612 3 1.8137 88.5289 1.2732 0.8142 0.4628 0.5894 0.1078 1149 574 > logs_RF/salida_p17_2
../GA ../Data/DataFiles/p17 643 0.884 0.5395 0.5612 3 1.8137 88.5289 1.2732 0.8142 0.4628 0.5894 0.1078 1149 574 > logs_RF/salida_p17_3
../GA ../Data/DataFiles/p17 657 0.884 0.5395 0.5612 3 1.8137 88.5289 1.2732 0.8142 0.4628 0.5894 0.1078 1149 574 > logs_RF/salida_p17_4
../GA ../Data/DataFiles/p17 519 0.884 0.5395 0.5612 3 1.8137 88.5289 1.2732 0.8142 0.4628 0.5894 0.1078 1149 574 > logs_RF/salida_p17_5
../GA ../Data/DataFiles/p17 692 0.884 0.5395 0.5612 3 1.8137 88.5289 1.2732 0.8142 0.4628 0.5894 0.1078 1149 574 > logs_RF/salida_p17_6
../GA ../Data/DataFiles/p17 221 0.884 0.5395 0.5612 3 1.8137 88.5289 1.2732 0.8142 0.4628 0.5894 0.1078 1149 574 > logs_RF/salida_p17_7
../GA ../Data/DataFiles/p17 509 0.884 0.5395 0.5612 3 1.8137 88.5289 1.2732 0.8142 0.4628 0.5894 0.1078 1149 574 > logs_RF/salida_p17_8
../GA ../Data/DataFiles/p17 34 0.884 0.5395 0.5612 3 1.8137 88.5289 1.2732 0.8142 0.4628 0.5894 0.1078 1149 574 > logs_RF/salida_p17_9
../GA ../Data/DataFiles/p18 321 0.8172 0.5849 0.4915 3 1.2598 120.9804 0.9411 0.8195 0.4982 0.5984 0.1158 719 139 > logs_RF/salida_p18_0
../GA ../Data/DataFiles/p18 238 0.8172 0.5849 0.4915 3 1.2598 120.9804 0.9411 0.8195 0.4982 0.5984 0.1158 719 139 > logs_RF/salida_p18_1
../GA ../Data/DataFiles/p18 87 0.8172 0.5849 0.4915 3 1.2598 120.9804 0.9411 0.8195 0.4982 0.5984 0.1158 719 139 > logs_RF/salida_p18_2
../GA ../Data/DataFiles/p18 975 0.8172 0.5849 0.4915 3 1.2598 120.9804 0.9411 0.8195 0.4982 0.5984 0.1158 719 139 > logs_RF/salida_p18_3
../GA ../Data/DataFiles/p18 531 0.8172 0.5849 0.4915 3 1.2598 120.9804 0.9411 0.8195 0.4982 0.5984 0.1158 719 139 > logs_RF/salida_p18_4
../GA ../Data/DataFiles/p18 596 0.8172 0.5849 0.4915 3 1.2598 120.9804 0.9411 0.8195 0.4982 0.5984 0.1158 719 139 > logs_RF/salida_p18_5
../GA ../Data/DataFiles/p18 601 0.8172 0.5849 0.4915 3 1.2598 120.9804 0.9411 0.8195 0.4982 0.5984 0.1158 719 139 > logs_RF/salida_p18_6
../GA ../Data/DataFiles/p18 645 0.8172 0.5849 0.4915 3 1.2598 120.9804 0.9411 0.8195 0.4982 0.5984 0.1158 719 139 > logs_RF/salida_p18_7
../GA ../Data/DataFiles/p18 932 0.8172 0.5849 0.4915 3 1.2598 120.9804 0.9411 0.8195 0.4982 0.5984 0.1158 719 139 > logs_RF/salida_p18_8
../GA ../Data/DataFiles/p18 680 0.8172 0.5849 0.4915 3 1.2598 120.9804 0.9411 0.8195 0.4982 0.5984 0.1158 719 139 > logs_RF/salida_p18_9
../GA ../Data/DataFiles/p19 59 0.8172 0.5849 0.4915 3 1.2598 120.9804 0.9411 0.8195 0.4982 0.5984 0.1158 719 139 > logs_RF/salida_p19_0
../GA ../Data/DataFiles/p19 615 0.8172 0.5849 0.4915 3 1.2598 120.9804 0.9411 0.8195 0.4982 0.5984 0.1158 719 139 > logs_RF/salida_p19_1
../GA ../Data/DataFiles/p19 296 0.8172 0.5849 0.4915 3 1.2598 120.9804 0.9411 0.8195 0.4982 0.5984 0.1158 719 139 > logs_RF/salida_p19_2
../GA ../Data/DataFiles/p19 726 0.8172 0.5849 0.4915 3 1.2598 120.9804 0.9411 0.8195 0.4982 0.5984 0.1158 719 139 > logs_RF/salida_p19_3
../GA ../Data/DataFiles/p19 952 0.8172 0.5849 0.4915 3 1.2598 120.9804 0.9411 0.8195 0.4982 0.5984 0.1158 719 139 > logs_RF/salida_p19_4
../GA ../Data/DataFiles/p19 890 0.8172 0.5849 0.4915 3 1.2598 120.9804 0.9411 0.8195 0.4982 0.5984 0.1158 719 139 > logs_RF/salida_p19_5
../GA ../Data/DataFiles/p19 638 0.8172 0.5849 0.4915 3 1.2598 120.9804 0.9411 0.8195 0.4982 0.5984 0.1158 719 139 > logs_RF/salida_p19_6
../GA ../Data/DataFiles/p19 140 0.8172 0.5849 0.4915 3 1.2598 120.9804 0.9411 0.8195 0.4982 0.5984 0.1158 719 139 > logs_RF/salida_p19_7
../GA ../Data/DataFiles/p19 472 0.8172 0.5849 0.4915 3 1.2598 120.9804 0.9411 0.8195 0.4982 0.5984 0.1158 719 139 > logs_RF/salida_p19_8
../GA ../Data/DataFiles/p19 685 0.8172 0.5849 0.4915 3 1.2598 120.9804 0.9411 0.8195 0.4982 0.5984 0.1158 719 139 > logs_RF/salida_p19_9
../GA ../Data/DataFiles/p20 541 0.8172 0.5849 0.4915 3 1.2598 120.9804 0.9411 0.8195 0.4982 0.5984 0.1158 719 139 > logs_RF/salida_p20_0
../GA ../Data/DataFiles/p20 603 0.8172 0.5849 0.4915 3 1.2598 120.9804 0.9411 0.8195 0.4982 0.5984 0.1158 719 139 > logs_RF/salida_p20_1
../GA ../Data/DataFiles/p20 5 0.8172 0.5849 0.4915 3 1.2598 120.9804 0.9411 0.8195 0.4982 0.5984 0.1158 719 139 > logs_RF/salida_p20_2
../GA ../Data/DataFiles/p20 828 0.8172 0.5849 0.4915 3 1.2598 120.9804 0.9411 0.8195 0.4982 0.5984 0.1158 719 139 > logs_RF/salida_p20_3
../GA ../Data/DataFiles/p20 911 0.8172 0.5849 0.4915 3 1.2598 120.9804 0.9411 0.8195 0.4982 0.5984 0.1158 719 139 > logs_RF/salida_p20_4
../GA ../Data/DataFiles/p20 973 0.8172 0.5849 0.4915 3 1.2598 120.9804 0.9411 0.8195 0.4982 0.5984 0.1158 719 139 > logs_RF/salida_p20_5
../GA ../Data/DataFiles/p20 256 0.8172 0.5849 0.4915 3 1.2598 120.9804 0.9411 0.8195 0.4982 0.5984 0.1158 719 139 > logs_RF/salida_p20_6
../GA ../Data/DataFiles/p20 229 0.8172 0.5849 0.4915 3 1.2598 120.9804 0.9411 0.8195 0.4982 0.5984 0.1158 719 139 > logs_RF/salida_p20_7
../GA ../Data/DataFiles/p20 280 0.8172 0.5849 0.4915 3 1.2598 120.9804 0.9411 0.8195 0.4982 0.5984 0.1158 719 139 > logs_RF/salida_p20_8
../GA ../Data/DataFiles/p20 741 0.8172 0.5849 0.4915 3 1.2598 120.9804 0.9411 0.8195 0.4982 0.5984 0.1158 719 139 > logs_RF/salida_p20_9
../GA ../Data/DataFiles/p21 247 0.8149 0.5424 0.6368 4 1.9532 82.926 3.8869 0.8022 0.7244 0.544 0.0882 699 143 > logs_RF/salida_p21_0
../GA ../Data/DataFiles/p21 401 0.8149 0.5424 0.6368 4 1.9532 82.926 3.8869 0.8022 0.7244 0.544 0.0882 699 143 > logs_RF/salida_p21_1
../GA ../Data/DataFiles/p21 685 0.8149 0.5424 0.6368 4 1.9532 82.926 3.8869 0.8022 0.7244 0.544 0.0882 699 143 > logs_RF/salida_p21_2
../GA ../Data/DataFiles/p21 832 0.8149 0.5424 0.6368 4 1.9532 82.926 3.8869 0.8022 0.7244 0.544 0.0882 699 143 > logs_RF/salida_p21_3
../GA ../Data/DataFiles/p21 78 0.8149 0.5424 0.6368 4 1.9532 82.926 3.8869 0.8022 0.7244 0.544 0.0882 699 143 > logs_RF/salida_p21_4
../GA ../Data/DataFiles/p21 371 0.8149 0.5424 0.6368 4 1.9532 82.926 3.8869 0.8022 0.7244 0.544 0.0882 699 143 > logs_RF/salida_p21_5
../GA ../Data/DataFiles/p21 489 0.8149 0.5424 0.6368 4 1.9532 82.926 3.8869 0.8022 0.7244 0.544 0.0882 699 143 > logs_RF/salida_p21_6
../GA ../Data/DataFiles/p21 59 0.8149 0.5424 0.6368 4 1.9532 82.926 3.8869 0.8022 0.7244 0.544 0.0882 699 143 > logs_RF/salida_p21_7
../GA ../Data/DataFiles/p21 464 0.8149 0.5424 0.6368 4 1.9532 82.926 3.8869 0.8022 0.7244 0.544 0.0882 699 143 > logs_RF/salida_p21_8
../GA ../Data/DataFiles/p21 191 0.8149 0.5424 0.6368 4 1.9532 82.926 3.8869 0.8022 0.7244 0.544 0.0882 699 143 > logs_RF/salida_p21_9
../GA ../Data/DataFiles/p22 728 0.8149 0.5424 0.6368 4 1.9532 82.926 3.8869 0.8022 0.7244 0.544 0.0882 699 143 > logs_RF/salida_p22_0
../GA ../Data/DataFiles/p22 662 0.8149 0.5424 0.6368 4 1.9532 82.926 3.8869 0.8022 0.7244 0.544 0.0882 699 143 > logs_RF/salida_p22_1
../GA ../Data/DataFiles/p22 836 0.8149 0.5424 0.6368 4 1.9532 82.926 3.8869 0.8022 0.7244 0.544 0.0882 699 143 > logs_RF/salida_p22_2
../GA ../Data/DataFiles/p22 227 0.8149 0.5424 0.6368 4 1.9532 82.926 3.8869 0.8022 0.7244 0.544 0.0882 699 143 > logs_RF/salida_p22_3
../GA ../Data/DataFiles/p22 62 0.8149 0.5424 0.6368 4 1.9532 82.926 3.8869 0.8022 0.7244 0.544 0.0882 699 143 > logs_RF/salida_p22_4
../GA ../Data/DataFiles/p22 7 0.8149 0.5424 0.6368 4 1.9532 82.926 3.8869 0.8022 0.7244 0.544 0.0882 699 143 > logs_RF/salida_p22_5
../GA ../Data/DataFiles/p22 862 0.8149 0.5424 0.6368 4 1.9532 82.926 3.8869 0.8022 0.7244 0.544 0.0882 699 143 > logs_RF/salida_p22_6
../GA ../Data/DataFiles/p22 787 0.8149 0.5424 0.6368 4 1.9532 82.926 3.8869 0.8022 0.7244 0.544 0.0882 699 143 > logs_RF/salida_p22_7
../GA ../Data/DataFiles/p22 516 0.8149 0.5424 0.6368 4 1.9532 82.926 3.8869 0.8022 0.7244 0.544 0.0882 699 143 > logs_RF/salida_p22_8
../GA ../Data/DataFiles/p22 179 0.8149 0.5424 0.6368 4 1.9532 82.926 3.8869 0.8022 0.7244 0.544 0.0882 699 143 > logs_RF/salida_p22_9
../GA ../Data/DataFiles/p23 394 0.8149 0.5424 0.6368 4 1.9532 82.926 3.8869 0.8022 0.7244 0.544 0.0882 699 143 > logs_RF/salida_p23_0
../GA ../Data/DataFiles/p23 933 0.8149 0.5424 0.6368 4 1.9532 82.926 3.8869 0.8022 0.7244 0.544 0.0882 699 143 > logs_RF/salida_p23_1
../GA ../Data/DataFiles/p23 385 0.8149 0.5424 0.6368 4 1.9532 82.926 3.8869 0.8022 0.7244 0.544 0.0882 699 143 > logs_RF/salida_p23_2
../GA ../Data/DataFiles/p23 468 0.8149 0.5424 0.6368 4 1.9532 82.926 3.8869 0.8022 0.7244 0.544 0.0882 699 143 > logs_RF/salida_p23_3
../GA ../Data/DataFiles/p23 310 0.8149 0.5424 0.6368 4 1.9532 82.926 3.8869 0.8022 0.7244 0.544 0.0882 699 143 > logs_RF/salida_p23_4
../GA ../Data/DataFiles/p23 927 0.8149 0.5424 0.6368 4 1.9532 82.926 3.8869 0.8022 0.7244 0.544 0.0882 699 143 > logs_RF/salida_p23_5
../GA ../Data/DataFiles/p23 31 0.8149 0.5424 0.6368 4 1.9532 82.926 3.8869 0.8022 0.7244 0.544 0.0882 699 143 > logs_RF/salida_p23_6
../GA ../Data/DataFiles/p23 829 0.8149 0.5424 0.6368 4 1.9532 82.926 3.8869 0.8022 0.7244 0.544 0.0882 699 143 > logs_RF/salida_p23_7
../GA ../Data/DataFiles/p23 126 0.8149 0.5424 0.6368 4 1.9532 82.926 3.8869 0.8022 0.7244 0.544 0.0882 699 143 > logs_RF/salida_p23_8
../GA ../Data/DataFiles/p23 335 0.8149 0.5424 0.6368 4 1.9532 82.926 3.8869 0.8022 0.7244 0.544 0.0882 699 143 > logs_RF/salida_p23_9
